7751
44456
8056
43282
43477
44329
44098
43317
44147
43996
43892
43277
25794
2550
44225
16604
55878
44092
43956
43999
43638
44293
44055
43549
43328
43664
43955
43669
44491
43303
43881
43888
43963
38269
43939
13595
44280
43368
44406
44395
43848
43745
44090
44049
43972
43294
44484
43459
44054
43714
44058
43792
43789
43910
28174
44510
43319
44179
44249
44421
44271
31043
43916
43671
44490
44428
43904
44294
43940
43747
43489
44050
44143
43304
44448
44124
43908
43636
43595
43383
43358
57762
44404
43907
43798
43699
43491
44327
43686
43988
44176
43431
43947
44016
44303
43798
43533
44396
44464
44048
43715
10279
44502
43290
44257
43875
43900
43705
44193
15227
44217
43815
44149
44149
43645
53318
43922
43836
44247
43773
43612
43349
44166
61491
43484
43557
44486
43841
44411
38460
43831
5925
46565
44255
44100
23850
43453
59586
44122
44431
12662
44206
44506
43972
43593
43740
43936
43921
43411
44256
43667
44342
43848
43606
44308
44387
44045
43664
44259
43752
43325
44284
43334
43445
43558
43691
44069
41235
43426
44306
43389
44480
43655
43768
44176
43565
43521
43515
44394
23315
43970
44408
44023
43673
44024
44214
44183
43577
37846
43902
44091
44195
43441
52033
63482
44152
43913
43729
44453
43986
51660
50825
51117
50845
51569
51049
14504
51722
2754
51380
8217
51129
51024
51573
51135
51566
50950
50740
51704
51088
50805
50961
50881
51523
35371
50900
50765
51912
51871
51467
51434
50823
51953
51419
51152
51447
51837
50942
51646
14311
51724
51172
51511
51370
50736
51050
51839
51150
51575
51585
51372
50852
53250
51194
51616
51108
51497
51495
50950
51774
51168
50905
51193
51926
50839
51606
35493
51284
51304
51328
51563
51028
51461
51547
51490
51296
50922
50719
51536
51315
50786
51418
51388
51586
51815
51790
51087
51252
51908
51853
62059
50806
50763
51187
51239
51169
51623
51772
51913
51698
51362
50797
51273
51938
51261
51634
50875
51417
51809
51291
1380
51299
51870
50876
51718
51217
51445
50817
50703
61928
51186
13587
50766
23107
51517
51487
50830
51720
51286
51207
52949
7969
51787
34858
51478
51813
53592
50847
51891
51438
50925
50734
50783
51722
22021
51435
51101
24899
50882
37467
51105
51040
51034
51425
50938
51898
51942
50962
51535
51819
57009
51306
51849
51819
51183
50747
51187
51621
51905
51729
50871
51159
51372
50783
51283
51807
3040
51678
52466
51391
51447
52633
50999
51593
51470
51797
51813
51010
51227
51272
51658
51456
51046
51357
51064
51502
32078
48898
51120
51657
28141
31793
27554
17612
42896
55753
27313
28173
28251
30908
27648
28363
27462
27414
27870
27844
27609
27807
27921
27995
27958
27313
13263
27555
28356
59397
28120
7067
27707
28094
62123
27705
28100
10316
27780
28392
27373
27198
28091
28349
28076
38668
27739
27861
28070
27193
27338
27435
27200
19196
27824
28284
59924
27838
27443
28200
27864
27230
33576
27234
27803
28284
6591
28014
57228
24461
27340
27787
28010
27970
27884
27697
27401
42609
28307
60375
28328
28147
27311
27825
27628
65387
27591
27920
28200
28080
27581
27809
27919
28245
27868
27281
28024
28227
28223
28015
27284
27597
28084
28630
27811
47414
41672
28157
60818
27482
27649
27885
27442
28374
28000
27250
28201
28369
27775
28401
11965
28359
28258
28092
31321
27557
27681
27628
27619
27628
27305
27628
8963
4304
28101
28037
15628
27934
27924
28129
27189
27705
22203
27720
28011
27304
27370
64381
34223
28073
27788
27207
28307
27581
27797
27548
28054
27467
27844
27406
28315
28166
27855
28247
27552
27841
27638
28098
27311
27753
27534
27236
28139
27252
26554
4300
27304
27274
28200
28030
27741
32116
59738
28296
27694
24864
28315
27508
28404
27162
27236
27362
28005
28270
28057
27356
28003
28393
27856
27900
27560
28049
27783
27566
40673
35833
36080
35675
36251
36271
36445
35446
35996
36593
35947
35749
35786
35664
36594
36565
35189
36251
35740
36001
36057
36309
36124
35911
35849
26474
35990
35492
36262
36454
36577
35366
35750
62960
36345
36032
35356
35981
36064
35569
35494
54093
36505
35629
35751
36485
36501
2887
8864
36205
36079
36281
35716
36363
35538
36345
36382
35848
36112
36091
36522
35366
35385
35628
36193
9692
36327
19881
35757
36573
36246
36551
35443
36173
35751
36198
46414
35689
35635
36372
16818
36001
35687
35801
35695
46349
36159
35555
27330
36320
35689
49727
35646
35645
36535
41684
35630
36084
36409
35331
36300
36024
35550
35957
11207
35468
42263
35674
35393
35655
61459
36459
38590
36176
35673
35676
35411
36200
36287
36516
35497
36113
18896
36545
22096
35506
35542
35571
36321
36352
36336
35749
36539
35572
36452
35650
35626
12494
36405
35712
36008
60552
17319
35914
35525
35429
35401
35449
36261
36598
35936
36559
35816
36065
36012
35714
36329
35503
34336
36109
35632
36152
36503
35997
36138
35787
35656
28936
35917
36376
35957
21951
35412
36467
19929
35865
36039
36339
35909
39168
35999
36386
36167
36178
31944
36296
35711
35443
35789
36429
36168
36263
35487
35569
36248
36584
35502
35523
35566
36438
38259
63277
47483
64989
63285
36749
64424
63926
63283
63612
64113
64136
64192
64451
64311
63280
63672
64471
63409
64235
64275
64013
64348
63794
64014
59777
63924
63972
63978
34386
64420
52658
22783
63924
64372
63795
11983
64510
63683
63992
63968
63574
63289
64414
64407
23499
63333
63439
63662
63947
64053
38442
63714
63567
35853
63600
63713
63562
63868
64503
64098
63692
64454
34234
64189
63651
63783
17572
32321
64499
63797
63666
29422
64283
64480
64479
63499
64029
64075
63777
36225
3835
63690
64158
63913
64464
64417
64283
46909
9248
64082
25471
63580
64061
63280
64454
64242
63837
63925
64129
63326
64102
63785
64048
63754
63262
48944
63238
63940
63423
63584
64511
64367
63311
63834
63564
63251
63391
63410
23637
64098
63660
64455
63265
63675
63739
64021
63477
64306
63396
64457
26256
63717
26005
64206
64042
63483
63991
64156
63772
63328
63832
63768
63256
64096
64282
56923
63766
63466
63651
63741
64263
64105
15252
63657
64116
64022
63614
63960
40552
63953
1492
64142
64129
63434
64065
63524
63291
64034
64423
63947
64402
64389
63434
63486
63506
64055
63507
63530
8827
64445
63714
63328
27554
64263
63872
63980
63432
63637
63347
63659
64012
63357
64403
63561
63773
63441
64264
63652
63305
30467
13085
14141
13093
14021
14278
13563
13744
14069
14008
13458
13510
13500
2781
13333
13940
13492
14039
14055
14061
13734
52292
27005
13411
47853
14015
13677
13552
14311
14291
13423
14160
14045
13836
27077
13451
20429
13389
13807
13561
14098
12577
13060
13614
13671
19821
13241
13796
13657
13619
13389
13884
14289
14320
36735
13539
13125
14018
13322
13793
14173
13307
45229
13603
13465
51532
13476
13237
13832
14293
13697
14223
13306
13338
13468
14045
13195
59945
14096
14085
2458
13552
13842
35520
13785
13635
13666
13704
13867
41786
13366
13146
13134
13356
13062
44580
14315
13622
13084
18278
10591
13057
13419
13254
14178
13565
13552
14111
13315
13413
13408
16166
13476
29779
14231
13970
13952
13315
13712
21025
13308
13276
13830
11683
13601
13731
13813
13977
64160
13428
13333
46289
13990
14061
13384
50646
13474
13516
13278
13389
13423
13256
13450
13323
13905
14222
13561
14045
13561
7860
13221
62612
13565
14075
13649
13787
13122
13742
48961
14322
13284
13950
13687
13967
13737
25409
14197
31103
14320
13616
13476
14331
14216
14023
25229
18874
7922
13313
13815
13451
13984
14182
13373
13155
14224
14040
1432
13385
13070
13864
13899
13904
13984
13801
13544
13377
13119
13812
13473
49165
57034
56849
56997
57364
56387
56354
56628
56696
57014
56531
56572
57375
57290
20269
57169
56948
56332
56821
56432
30542
57507
57290
57492
56532
56340
57362
56827
56873
56916
56653
56464
57535
57169
57475
56743
57149
57063
57295
56633
57142
26982
39021
57016
56437
56943
56478
56668
56831
50855
57172
57234
32551
56320
57369
56832
57283
20785
56942
56792
48678
57099
56381
56710
56637
56563
56377
56809
57483
56565
56686
57281
56574
57299
56342
56463
37109
56844
35680
57088
56542
57206
6290
56508
57171
56906
57040
57549
57265
38219
64976
57132
56902
57070
57428
56906
56913
56681
51753
56341
56322
57428
29867
56486
49098
57200
57040
13939
57167
24576
56573
56476
57243
57393
56328
56893
56612
57063
57271
57093
39343
56938
57332
57365
64272
57011
57074
57394
57523
64269
56569
11507
57391
56624
57260
57584
56990
57198
57136
56590
57123
56813
57542
56449
56571
57238
56468
57050
56615
57336
56518
23232
56925
57084
57147
56647
57356
57275
56330
48182
57105
57304
56364
57075
57468
56332
56415
25828
57535
57076
56787
57364
56651
56776
56862
56377
56836
56739
57197
57332
56626
57124
56650
8948
56404
57273
57040
57109
57102
57032
57459
16885
57552
56699
57491
56541
56533
57387
18964
57033
57262
40359
40185
40262
39726
64175
40224
39818
40308
39802
39602
39595
40078
40409
24647
38753
47524
40024
39806
40364
40127
40183
35563
39754
40228
39360
39937
39554
40077
40407
39706
39991
40134
39239
39353
6933
39735
40329
39384
39198
39340
39825
39542
40328
39801
39330
28759
39432
39306
39216
40049
40020
39567
39290
40414
40389
39542
39377
58338
40130
40331
40159
39844
40134
40297
39463
40022
39535
39887
39572
40176
40316
39399
3015
39864
39419
40153
40066
39561
39925
39536
40292
40122
39470
20783
40217
39298
39574
40078
39633
39458
39194
39571
40152
39432
40231
39305
40255
60604
23374
39549
39767
35594
40221
39509
40015
39612
39916
40025
14463
40213
40005
39915
40138
40398
40117
40399
32976
40447
39273
40380
39379
40089
39329
39432
40011
40263
39882
39432
40065
40174
61118
40002
39293
39319
39347
40157
40342
40436
39970
39779
40276
39242
35358
40303
40382
40142
40427
40359
39706
40255
40157
4642
40105
40072
39524
40388
40048
39323
39523
40291
39642
40322
39201
39303
63265
40020
64570
40111
39920
40361
39759
36477
39390
39848
39935
53018
39811
39538
39661
39353
40150
39833
39507
39969
40989
40157
40178
39869
39800
40138
39631
39570
40276
39591
39978
39210
1100
40188
39450
40026
4283
46636
3998
3603
3604
3682
4603
4245
4644
4166
4485
4657
4722
37136
4179
62183
4764
4566
4263
4076
3858
3644
3813
3877
4259
4086
4414
4762
27634
3770
4450
3609
4295
4589
4517
4007
55457
24067
4308
4523
3655
4861
3932
3588
4271
4268
3831
26476
4236
4452
3816
38121
4266
4384
4589
4726
4722
4249
3701
33482
3701
4070
4353
3622
4821
4764
6910
3987
15224
4776
4710
4392
4085
3650
33878
4227
4058
4025
4254
4643
3902
3873
35419
4524
4846
3830
36394
3764
4448
4105
3616
4015
4707
4111
4573
4814
3937
4386
29949
4550
4197
3815
3765
4269
3745
3652
4667
4082
4782
4624
4221
4825
3638
4166
33986
4270
3770
4509
39376
3729
3887
4659
3632
4258
3948
3702
4255
10392
4147
3743
3754
3654
3586
4373
4303
3719
4734
4182
4661
3824
3926
31440
4747
4092
3870
4038
4757
4047
4499
3903
55170
4862
3791
3969
16734
4669
32579
5238
3620
51780
4153
3691
14343
3758
4425
3772
4545
4748
3914
4532
4090
4319
4097
4433
3818
4200
3731
4239
4359
4641
4530
4070
4340
4178
4064
3704
4548
4682
4285
4146
4766
52746
4662
4225
4701
4353
3751
54958
4451
3740
55654
55990
56049
55421
55212
55931
55804
55816
10036
55414
55144
55845
56289
17777
28015
55058
55249
55782
55214
56124
55675
55949
55299
55506
55085
56181
55552
55734
59220
55050
35938
55415
5979
55397
55787
55923
55312
55483
55773
55121
55811
55569
55511
55120
55118
55262
55432
43239
56174
55896
55950
55661
2660
55744
60974
55104
55353
56010
56133
56156
55360
55077
56106
56111
55722
55387
56059
55408
11595
55844
56105
42219
55724
55045
3340
3882
55337
55542
55998
56077
19636
55866
55701
55339
55540
55847
55443
56085
56048
56286
55062
55041
55677
55726
55692
55503
56126
55884
56180
55577
55639
55829
55280
55914
56043
55560
24128
55177
55240
56127
56066
55642
56063
56163
55328
55676
55112
52375
22429
55633
55510
17084
56429
55680
55828
55751
55743
37909
55925
48302
55446
55083
55965
55700
56075
29495
55387
55620
56095
44563
55189
55406
55651
55713
16074
29000
55088
59630
16152
55419
55141
55364
55667
55825
10026
65191
55276
55812
55402
55094
55865
55302
55978
55943
37181
54273
55496
56241
55079
56100
56210
56213
55499
55983
56135
53347
55406
56139
55527
55724
55087
55190
56272
5563
55212
56010
55831
55099
16858
2325
55144
56011
55053
55529
55660
55407
55734
55901
56119
56025
18567
18235
18690
19043
18809
19269
18284
18751
18365
18200
18721
18781
19074
18638
55232
38889
19351
19387
19071
18740
18334
19299
18487
18582
18652
19228
19211
19023
18410
54543
19033
28318
18544
19385
18502
19208
18352
18248
57006
19275
19383
18654
18735
19137
18981
18422
18250
24992
18749
18568
19276
19359
18708
18676
29184
19422
19143
18235
50791
18274
18701
18368
18318
18725
42011
19034
19300
19154
18457
48240
18826
19169
19344
18461
58695
52946
16966
18223
64498
18258
19234
34315
19334
18533
19062
18592
18535
18999
19240
18280
18216
18432
18288
55417
18755
19120
18273
18982
38813
19225
22181
18634
19222
19085
18297
18560
19184
18248
19031
18183
18427
19293
18565
19031
19374
64480
19062
18490
18595
18349
19430
3068
56270
15592
18382
18639
18439
18368
18475
18524
18855
20780
18695
44005
18895
18469
18469
18599
19177
5257
19091
18257
18345
19317
19421
32917
18584
18721
18321
19178
4833
18779
19405
19188
19295
19431
18983
18412
19452
19276
19423
19022
18788
18338
204
18553
18313
18887
19369
59667
18261
19290
44991
18781
19179
19044
18838
18500
35272
18484
19028
18343
19372
63323
19029
18638
18545
19389
18486
19133
18426
18885
18696
18937
37765
18275
19261
9785
19447
18277
43401
43194
43933
43670
43175
43318
43451
43478
44081
44005
43016
43596
14225
11282
46426
43838
61982
43508
43704
43442
43334
44251
43174
54502
43919
43334
43692
36781
55482
44179
44097
44092
43946
43267
43087
43637
43301
43323
43555
43173
43793
43481
43315
43665
44228
44283
43889
44001
38355
43074
44117
43627
44143
44086
17505
43366
43267
43567
43780
44157
43770
43501
43092
61902
43241
43443
43940
43656
43458
44048
43310
43971
44155
13512
44125
57661
43865
43886
43887
44127
43613
43373
53847
43943
44070
43640
44105
43430
43645
44136
44189
43838
44028
43465
43274
43653
44287
43100
44256
43353
43090
43646
61438
14701
43590
44156
43278
12868
43803
43352
43143
64238
44256
43454
46686
44233
43111
43674
43817
44196
43810
43371
12043
19541
45580
43621
43618
44132
44244
43115
65327
43082
43085
19771
43324
60369
43291
44077
43203
43074
43069
43236
43744
43373
43618
43948
44038
43497
43573
43610
43153
44234
44103
43175
43410
43272
43451
43809
109
45121
65032
12661
43080
43481
44199
43718
43372
43558
20237
43803
43193
43509
44285
43093
44063
43228
44043
43330
43574
43653
43121
37392
43071
44217
44007
43933
43197
44210
43737
43392
43078
43998
43030
43068
43027
43219
43315
43917
12026
43797
1211
1099
1079
1261
1301
1844
1260
30122
1171
2189
1638
1338
25612
2270
1717
2011
1790
1341
1194
1486
1922
2015
1204
1147
1801
1160
2009
1705
2060
8763
2040
61247
1034
34424
2082
35329
1313
1301
2067
1790
2300
1313
2016
15828
2197
1987
1390
1561
1928
1369
42463
1428
2106
1799
1620
1293
1818
1879
1234
1294
1584
1144
2277
1066
1172
2063
2252
1606
1255
2167
1983
1112
1156
1238
1778
12124
1835
2254
1104
1930
2264
2125
2036
6536
2229
1156
2264
1754
1919
1937
29354
49589
1995
1559
1936
1988
1415
1805
1951
1251
1453
1864
1660
1932
2112
2161
2252
2164
1247
1738
1507
2082
1056
1573
1151
2131
1847
1523
53248
1407
1700
2096
1547
1678
39677
1599
1243
1122
38028
2261
1264
63265
16516
2069
2049
1866
1576
1747
1139
2142
1927
1919
51937
2243
1582
1669
1080
2117
23581
62648
1814
1060
1240
8052
2250
1952
1856
2181
1564
1795
1178
1664
1174
1932
57052
1817
1926
1183
1978
1966
1254
1649
2062
1404
1743
1374
54956
37915
1963
2225
1028
55634
1113
1628
59355
1951
1441
1223
1064
1587
1664
2246
1031
1994
1857
1112
2231
1163
1489
1497
9300
9600
10159
10161
50456
10419
9660
10329
9535
30630
9865
9435
9916
10157
19044
9287
9701
10491
11238
10089
9813
9487
10434
22053
9734
10271
10438
9346
9488
10357
10314
10357
9628
9269
9418
10130
9433
9614
9912
9946
10347
9761
10351
10294
9851
10303
10473
10370
10201
10319
8092
10052
9356
9601
9490
10435
33113
9576
9702
10360
10292
9471
10064
9560
10265
27733
9238
9310
9473
9413
10178
9231
10486
50494
10282
9662
9363
9620
9515
10264
9943
18019
9937
9778
9317
2282
52829
9870
10434
9385
9439
10200
9253
10173
9262
29584
10149
10121
61461
10247
10339
10087
10312
10447
10219
10359
10044
10488
9402
9947
9960
10472
9337
9260
10167
10335
9370
10242
48199
10168
10400
10233
9774
18169
10078
9290
9422
10120
9544
10155
10278
9351
48008
9393
38590
9379
10304
10312
9982
10249
6432
10096
45009
9451
9541
10074
9639
36610
9464
10333
9959
9285
9415
9731
9246
10270
9406
10331
9260
9690
9401
10011
9574
9452
10144
1794
9772
10399
9878
9711
10349
9795
9870
9427
11592
9631
9325
9234
9751
9934
9507
9837
47328
10363
9687
9423
10462
10213
10352
32921
10339
9818
9667
9935
10264
9755
10125
6601
10155
9402
51805
1041
52134
51708
51982
13431
51507
52678
52489
52119
58311
51798
51663
48503
52010
23040
51805
52150
51536
51496
51628
51889
52612
52653
52368
52275
57953
52249
52667
51574
8472
52371
28315
1640
15361
52032
51931
52625
51609
52528
52057
52145
31935
44619
52166
51486
52230
51659
52254
52678
57588
51579
52616
16495
51859
52671
51457
52458
51883
51567
51973
52332
52098
52318
51691
52062
51551
52556
51869
51491
51476
52247
51714
52691
52092
51771
52425
51781
51600
44009
52710
52575
51928
51914
51835
51716
18666
52063
52204
51520
52282
52050
52483
51932
22066
52567
52031
52730
699
51678
51679
52670
52521
41197
61525
12483
52502
6573
52334
52672
51957
52621
51995
51526
52307
51546
51862
51829
51742
51598
52366
51779
14369
52068
1344
1601
51737
51824
51936
52033
13436
51733
16943
51992
52170
51485
52598
52459
52273
52594
51467
51757
51696
52244
52591
51590
52621
52678
51789
51559
52473
52508
52412
52459
5316
52302
52681
51998
52626
33433
51681
52324
40032
29653
51610
52672
52321
51909
52284
52043
51922
18095
52644
51763
5372
52530
53323
51871
11202
51814
52090
52203
51997
52600
51845
51579
51643
65487
52104
52423
35327
52429
52139
52090
52209
52421
49952
51855
51546
52157
2474
2860
2764
2725
3523
3044
2426
3213
2748
15496
3134
2439
3428
2772
2978
2588
3539
3187
2319
2557
2901
2344
3556
3471
2667
2906
3563
3071
2558
2572
53934
19313
3303
3548
3024
2799
2446
2486
3104
2982
3351
2381
2625
2911
3171
3085
2932
2415
52012
2577
2405
3505
2760
2399
3198
2751
2925
2646
3188
24921
3002
2741
2676
3116
2833
3118
3563
3423
3582
3409
3091
2555
2762
2929
3421
11772
56966
3022
2726
2883
2670
20040
3336
2453
2737
3406
24155
46543
3165
2924
2503
3197
2332
3323
2424
3233
3484
16037
2340
3161
2450
3189
3259
2464
36339
2979
3365
2492
3209
2479
3211
3374
3180
3046
3255
2548
2569
2782
2340
3121
2380
2407
2780
3308
3560
2546
2388
3319
2398
3271
3819
3571
3543
2666
3486
2350
3240
2575
3499
2623
2385
3363
2482
3211
3561
3075
6400
3309
2974
3326
3045
3230
3175
3034
4483
2315
2740
2800
2501
3546
2797
2360
3511
3522
2921
3054
1115
2872
3410
3177
2936
2964
3499
3250
3294
2985
34453
29085
33573
3390
3453
31876
3558
2698
2824
3415
2584
3031
3572
28554
2640
2532
2392
3094
2970
2914
3261
3139
16403
2325
40157
39712
40050
38926
39478
39016
60586
39624
39596
39681
39720
40047
39608
39520
39627
39211
39357
39319
39376
39185
39326
39517
39786
38921
39398
54474
38928
39496
39619
6478
39161
39456
39520
39530
38991
40123
39250
40079
39853
39852
20837
39246
39172
38980
39735
39173
39024
39633
39714
16091
39429
39752
62641
41343
7512
39531
39000
40068
39288
39306
17175
40087
38920
39763
39317
39453
39812
40172
13555
39844
39734
40029
39109
40052
39758
61515
39968
39330
39087
39824
33355
39807
39399
39007
39211
38973
39701
39636
6437
39160
39027
39348
40064
46427
39480
39000
39420
39551
40168
39178
39500
39104
39844
34243
39168
25703
39578
39068
40191
40105
39661
39173
40129
45604
39521
58878
40029
39787
40098
39305
39934
39511
39502
39721
39466
40004
39504
40082
39077
53871
39330
40141
39805
39377
40087
23573
39718
39437
40109
39272
13938
39956
39538
20512
39002
39000
39575
39102
39390
39935
39428
39992
39558
39965
39580
17408
39770
40190
40181
39591
50893
39839
15582
17007
39225
39391
39206
39176
38935
39297
39225
39737
39908
39822
39985
39269
39946
39389
39690
22017
39090
39340
40138
38913
39079
39549
39168
40018
40023
39967
39883
39763
39804
39273
40133
26733
39722
39482
40142
39912
13980
14080
13391
14160
13390
14194
13548
8436
13263
14021
13272
48469
14131
13694
9793
14307
13291
13236
13950
13747
13915
2125
51392
14020
22453
13126
13928
14163
13682
13790
13283
38981
14091
13811
14290
14235
14026
13057
14314
13954
13713
13606
13466
14060
13802
13673
14134
13582
13729
14165
14281
13655
13139
13546
14028
14111
14171
14209
14133
28928
14177
5544
13689
14322
13233
13319
14013
13056
13232
51150
14262
13320
13973
14213
25312
13789
14106
13833
13297
13841
13160
13630
13450
13697
14102
13964
45016
14015
13587
13376
13744
14303
13473
13406
13060
13422
13793
13823
14023
14227
42686
13535
13361
14195
13306
13459
13679
13340
13513
13358
13945
18925
13529
35454
13732
42150
13468
13639
41011
13223
13611
13084
13080
13615
14056
13809
13677
13464
14231
13884
14233
60262
13672
13686
14095
13375
13527
13158
14173
13298
14169
13236
14067
13202
13918
13216
13283
40145
13479
29687
13107
14134
14068
13710
13868
62946
49491
13857
13419
13443
13958
13070
4665
14254
13320
13486
13099
14289
14228
13462
13720
14314
13792
14269
64424
14258
16440
13147
13281
60453
13664
14311
13831
14233
13618
13529
13512
13098
13327
14254
56890
10621
13864
13573
14165
14063
13245
13529
14186
13613
2797
1699
40906
40510
40744
40768
41373
41138
40922
41502
42803
40469
40991
41068
60521
40623
65129
41287
40559
45773
40811
40734
938
41180
41109
40748
41157
40953
40886
40499
41086
41493
40826
41309
40529
41687
49617
41087
40746
41091
41255
40684
40875
41169
40639
40544
69
40708
40953
40920
41524
41098
40565
41068
41682
40662
41349
344
41614
41704
35491
45881
31144
41285
40680
40714
41277
41354
4455
40737
41321
41442
41073
30573
41203
40576
40708
40505
40918
40769
40882
40724
40535
40465
46822
40707
40993
40701
35635
40785
41082
40478
41374
40777
36334
41715
41346
41320
40895
41368
40852
41069
41267
41498
40860
41692
41326
41222
41676
40732
40464
41081
41285
41656
41231
41198
41632
40497
40773
41478
41326
41261
40679
40751
40898
40689
41469
40765
41121
36816
41272
40739
40680
41085
40522
41110
40888
40651
40879
40842
10824
2187
41458
41227
40919
41121
40770
41256
41369
3140
41143
41651
41234
40502
40611
41518
41423
37587
41435
41280
41410
40585
41348
41590
41517
40464
41026
41369
40654
41575
41537
41077
41609
41354
40528
40914
41181
40708
40533
41291
41128
40815
40458
41664
41166
40760
40449
41518
41020
40459
40644
40824
41319
41707
5830
41644
41514
41461
41341
40459
28799
35633
32228
35627
35773
33960
35998
35680
36102
36200
35982
36367
36288
36736
36747
36578
35632
36678
35655
11853
36068
36096
36424
36785
35838
36165
36023
36050
35953
36360
36140
36656
18345
36667
54819
36007
36617
36410
35821
35952
36314
35611
35964
36074
35629
22886
36826
36141
35719
36101
36574
42610
33951
35740
35913
36464
36292
35629
35843
36456
40699
36216
36823
36561
35923
35648
36041
35784
36531
52302
36135
36561
36490
36338
35665
35690
35602
35739
36855
35904
36235
36123
36545
35896
35756
36481
36179
36184
36493
35647
36860
25641
36077
35803
36211
36755
36699
8589
36363
36484
2481
35606
35666
36196
36138
24446
35789
36313
36094
35781
35687
35687
36836
36633
35725
35691
36411
35838
13038
54295
13766
36122
33842
36334
36282
35623
36526
36180
15627
36067
35825
36380
29935
36406
35640
61519
36036
36603
15717
36212
36566
35587
36103
48052
36624
35971
38499
17773
35923
36371
36803
36329
36593
36578
46625
36668
36794
18477
35643
36170
35586
35695
36119
36740
36204
14705
35987
36129
35589
35801
35591
35863
35772
36595
47814
38094
32118
43127
36654
35750
35725
36484
20475
36825
36337
36780
35654
35813
36146
36030
65074
36228
36375
60498
36361
36245
36239
36591
35767
36404
3103
3646
3718
63093
2926
3746
3080
24546
2970
3563
23748
3160
3529
52811
3225
3797
3397
3777
26953
2921
3277
3654
3904
4060
62234
2950
4041
3162
3517
30852
3341
19186
4054
10919
3803
2976
3538
3058
4077
3504
3295
3854
3972
3316
3650
3164
3161
3318
2854
3578
3901
3032
2966
4030
3465
3703
3417
3588
3931
2908
54023
3422
52105
2847
3852
3821
2414
3683
2991
1296
3941
3283
3201
3698
3665
3555
3074
3088
52134
2896
4006
3952
29505
3324
3884
3900
3250
2968
56094
3798
3753
3669
3510
4090
4031
3584
4062
3030
64954
54027
2821
13399
2900
3006
39289
2959
3857
3160
3426
3160
3197
2836
3497
2874
3244
3345
3729
27235
32098
3454
3290
2829
3958
3209
35374
3869
3529
3908
2889
3789
3062
3518
3105
3677
3375
3301
3890
3164
3622
30003
3446
52545
3570
3276
3636
3033
3701
2897
3977
3210
3157
13856
3241
2978
3435
18227
2969
3042
4076
3205
3904
3395
2936
33444
14428
922
63484
3836
3685
3159
4060
2999
2900
3732
3357
3511
25175
42207
62533
3081
35019
3158
3438
41919
4040
3921
3251
2909
3670
39396
4050
3968
2862
3197
2963
3929
2822
3785
3604
3788
26
220
34
20
38
112
102
602
152
44
195
214
585
275
399
214
479
400
693
166
344
216
473
114
14441
314
644
222
102
12999
147
235
496
441
272
128
92
142
242
51
737
253
608
93
146
227
136
342
176
100
386
517
150
48499
214
533
344
734
34848
1
116
160
89
398
8
624
551
281
466
12438
390
234
448
743
212
495
375
546
44
17
231
56
669
232
709
120
475
18
227
381
202
364
497
15685
215
399
10504
59356
168
6086
212
86
63180
165
70
233
216
10189
57871
361
35
7
90
10577
78
104
30701
259
413
87
661
105
30764
31143
521
183
55014
347
686
353
132
595
142
27
19238
569
258
394
58
538
385
18479
102
58
79
21
104
528
232
332
212
151
679
3849
173
239
45
257
569
50488
463
7
68
61
89
135
111
707
129
760
91
73
191
265
79
442
93
231
127
485
150
418
21
113
55682
225
8
395
587
231
189
466
65
275
493
720
549
158
345
131
25030
24274
24897
24789
24040
25040
24240
24911
24958
24564
25069
64998
24254
56838
23934
24920
24960
24112
24161
11087
24581
23842
24345
24780
24866
24081
24868
24380
24317
24304
24030
24516
24133
23976
24092
24183
24079
24794
24884
24525
24849
24525
24066
24762
24037
24785
25052
24565
24323
24221
24381
21410
23907
24993
23814
24826
24150
24755
24278
24923
24234
24868
24311
24299
24216
24214
24549
24832
35580
24035
54337
29601
24048
24359
9457
23990
24698
24241
24500
24194
24869
24320
24360
12452
24458
51387
24891
24059
23833
23933
24483
23949
24140
23820
27587
24084
25022
25036
36362
24582
24740
25005
24720
57193
24239
54595
23905
24729
23835
56825
25079
24918
23855
24433
23910
19143
23857
24973
24344
24268
24125
25038
24552
20811
24435
24579
24715
24471
23878
24104
23956
23981
31883
24774
24272
24231
49153
24070
24613
39432
24568
24579
24781
24346
24085
24698
23997
24108
24712
24893
24086
23892
24078
24389
24966
24166
60349
24763
23903
23833
25052
24301
24727
24451
24902
24466
37010
24110
24840
24893
51122
24428
24489
24656
25021
24060
24602
24770
24273
24647
25048
24581
24654
55247
24164
23995
24333
24421
546
24110
24624
24603
25057
23999
24194
23915
24999
24711
24711
47981
41967
12195
60223
12235
12751
12507
12863
12387
13309
13291
13059
12825
24444
62706
11655
12083
12371
13240
12923
12361
62828
17515
12948
12127
12452
12490
12895
12512
12369
13229
12311
12381
13104
12065
13152
12430
12396
12836
13132
12279
12587
12719
12829
12767
13091
13169
12033
51601
12367
12877
13030
12911
12244
4555
12788
12801
13241
12481
12704
13211
12587
5106
38939
12938
13042
47957
13015
12545
12295
12495
13238
12934
12176
12936
13304
13162
13167
13304
36391
13274
13217
12176
12361
12951
12355
29059
12098
12326
12200
12717
12552
12125
59103
21318
13211
12632
12462
13051
13128
12518
13303
12692
12825
12134
33469
12783
35528
12763
58249
12898
31489
12878
12861
13086
12501
13005
12082
12726
13008
12799
52389
12796
12120
13020
12035
13028
13268
12437
7606
12995
12710
12377
12677
13297
12105
12496
12808
12450
12064
12157
12311
12681
12498
12311
43544
13170
13198
9068
13062
12833
13048
12869
12622
12600
12743
12550
12565
12469
49659
13063
12799
12416
2476
13079
12800
13184
12310
12213
13127
13199
12271
12622
12337
13035
12767
12731
12578
12936
20839
13122
12746
36150
12881
12374
12216
49295
13015
12651
12898
452
12397
12222
13102
13132
12483
12703
13067
12408
12873
12860
59405
58740
59420
59297
59621
59535
59301
33828
59351
59040
59431
59412
58860
58548
58532
59421
59546
59591
59243
59106
58635
58613
58445
59596
14172
59406
58925
59443
59590
58436
59139
59154
58600
58736
58697
59510
59103
59112
58785
59387
59347
58721
59108
59362
58455
58675
59054
58530
58551
58612
59505
59023
58527
59499
58527
59127
58446
58905
59363
59081
9747
59366
59163
58778
34998
59541
59378
58892
30424
55960
58589
58787
58879
58684
59647
59218
58848
58569
58643
59437
59580
39763
58713
58560
48675
59010
58845
58606
59029
59266
58686
59574
58922
59273
15065
59137
58450
58416
59428
58930
59020
62917
7554
58873
58893
16704
59283
31591
3661
58895
59588
24379
58836
59371
59585
59358
58439
59259
58640
58692
28809
59412
58848
59505
59319
58416
59172
58779
59197
58893
58732
58912
59082
59293
59162
59588
59201
58658
59574
50091
59472
58872
57536
58520
58381
59557
58795
58474
59010
59382
58741
58521
58743
59064
59178
59285
58700
58426
59626
59630
58989
58628
58532
58849
59353
59491
59583
58398
59637
58527
59435
58401
58845
59603
58375
59431
59185
59599
59555
58945
59163
59393
59237
58558
58724
59153
58723
58845
58889
42822
58928
58958
59345
58420
58499
59464
58573
58729
18497
58766
4982
4702
23064
5191
4400
5399
4458
5533
4659
4697
4801
4689
5506
5265
4718
4812
5090
4440
5596
4745
4534
5352
5244
5560
5617
5071
12203
23236
5034
4488
5200
4639
5333
4488
4976
5309
5090
35529
4983
4816
5549
32590
4806
5453
4525
4432
5334
5490
4972
5074
5083
5389
4553
19351
5241
5415
4533
5418
5220
60461
4619
4850
5150
4610
5080
5385
4805
35946
4670
5220
5090
4773
4937
21702
38832
53097
5431
4761
4810
4904
14428
5316
38379
5585
4562
29295
4664
4551
4787
3642
4747
4393
4726
4974
5366
4748
4496
5511
4388
5230
4480
4405
4496
5418
3096
4627
5589
4558
4389
5396
4937
4740
5018
4943
4771
4569
5169
5427
5571
4517
4396
4456
4510
4763
4434
5421
4413
5611
5026
5158
28127
5564
5270
4644
5416
5274
4546
5522
4685
5009
4473
4975
4562
5214
4560
5040
4773
5279
4423
5008
4590
5517
5559
5264
5489
4541
5550
5298
5226
5015
4837
4585
5326
5071
4484
4595
4394
4920
4545
5212
4579
13314
5329
5406
35635
4680
5328
4664
4946
4681
4700
5455
4494
4943
4791
5528
4491
4489
5435
4916
15230
4512
5090
4675
5268
5114
4589
4622
5384
4505
13480
13351
13376
12422
13777
13377
12889
13938
13681
45310
12916
13883
18993
14051
13262
13831
13477
13758
13980
2702
13824
14044
12952
13275
13602
6342
13803
13287
35774
12842
13385
13615
13603
13853
13424
12943
13772
13906
14027
13466
13660
12944
24187
18560
13210
12816
13032
16541
13487
13623
13997
13712
12996
13761
13198
13543
13165
13229
38327
13098
13895
13683
13322
14046
13102
13106
13392
13123
13356
13658
13435
13263
13931
13002
13237
4206
13136
12954
13315
13079
12824
13946
13164
13939
14073
13855
12811
13998
12992
13230
13564
14012
13982
13641
12946
45167
13098
13806
12945
13716
13437
12860
13492
13877
13823
13787
12976
13782
13069
13100
42228
13008
12830
13181
13000
14050
13812
13672
13125
13304
14006
13092
13713
14012
13310
12946
13983
12820
13288
13132
12906
13535
14018
13930
13700
13671
65235
13860
13127
12850
35855
13395
56265
13276
13244
13305
13473
13183
13512
13808
13537
13530
13198
13500
12957
13217
13634
13735
13994
13083
13285
13659
13219
3041
13187
35142
13112
13758
13131
13564
13827
13564
60742
12949
6890
13173
13892
13543
13180
13647
7306
13002
13795
13668
13127
13670
12834
13069
13973
13376
13416
13272
14019
13909
53247
11113
12971
13458
13892
14013
55322
54602
55485
12142
54272
54441
55096
54814
54382
55314
54818
54815
54560
55237
54822
28073
55348
55407
55018
54809
54278
55202
55013
55270
54802
55315
55092
55400
54495
54459
55257
55097
55536
55222
55399
54609
54515
54798
55402
54658
55330
55000
55116
54910
54654
55379
54726
54576
55211
54306
43401
55288
54530
26371
55470
54764
55236
55409
54819
54815
54848
54937
54394
55535
54513
54505
29269
55280
54333
38215
54774
55495
54303
55082
54296
54856
54932
54554
55268
54490
55539
55226
57011
52430
59856
54465
54627
54792
55483
54672
55226
55142
23873
55334
33916
54506
54929
54743
54443
55354
54803
12566
55117
54287
54340
54890
34287
55529
54640
54889
55085
54583
55502
55342
55164
54214
54607
54574
54736
54858
18590
55466
55381
65345
54292
54538
55065
54977
54828
54445
54601
54477
54557
54648
55151
55398
54301
54298
55416
55523
54273
55318
55414
54817
55388
54389
54896
55253
54396
54729
55308
54343
55074
55451
60035
59905
54565
54450
27773
55517
54757
55444
54335
40263
55415
55222
54325
55258
54525
55104
55406
54749
55479
54475
21227
54609
55261
55045
54757
55083
54870
55296
54907
55350
54958
55285
54750
55549
54796
54717
3234
54420
55095
50856
55392
54343
54986
54497
54429
55060
7190
7774
7260
7675
7449
6920
18532
6708
19630
6688
7880
6908
6923
7856
6994
7120
6972
7688
6933
7524
7045
7640
7399
7152
37644
43005
12173
7612
7554
7676
7323
7280
7201
7643
7894
7781
35173
7797
7387
7125
7134
7328
6927
7666
7921
7828
7121
28544
7132
7184
6812
6840
4185
7373
6916
7524
7012
6895
7162
7841
7170
7694
7494
7859
7187
17154
7179
6960
7087
6727
7815
30578
64425
6707
7034
7182
7117
7147
7134
49757
45112
6842
7010
7346
7209
7444
6774
6696
7344
7280
59408
54597
6967
7526
7552
6727
7411
7509
55683
7129
7811
6882
6919
7710
7799
7900
6776
7852
7676
7339
7241
7649
6744
28303
7699
7856
7245
7101
7117
7191
19033
31030
7235
7357
7662
7712
7317
6802
7267
7783
7295
7870
6675
20727
6710
6864
7738
61248
7200
6994
6874
7722
7162
7759
6782
7718
7535
60382
63290
3511
7911
6882
7345
7721
6940
7330
6746
7105
31997
7697
7345
7073
7655
51992
6795
7785
7659
45720
6730
7473
6780
7140
6680
41011
7055
6707
7249
6706
7766
7000
7780
10182
6866
7428
7724
7549
49670
7836
7643
6935
6837
6787
13081
6889
7547
7866
7844
7022
6846
6697
34745
34775
34888
34992
34874
34536
34856
35044
15316
18649
35253
34116
52675
57712
34746
34538
34548
37399
34415
37826
34712
34906
34920
28416
34084
34865
39001
34239
34676
35275
34922
34805
34758
35014
35319
34497
35190
34190
34553
29901
29736
45148
19002
34551
34984
34447
34183
34890
34089
34903
35152
34879
34314
35130
35277
34293
34945
34961
35301
35101
34373
34879
34769
34998
34100
34855
34464
34352
34352
35308
34789
34868
35228
34927
35108
35180
35099
35157
6202
27142
34266
34656
22330
34403
34171
34984
35090
6046
7292
34486
38846
34675
34936
16206
34671
34378
34614
34595
34469
34178
34907
34400
34110
51831
35205
34610
35200
34352
34927
6780
35020
34583
35291
40121
35309
34576
35162
14315
34472
34262
35104
34414
34914
34830
34365
34454
34460
34391
35376
29983
34398
30942
34567
35123
34708
34455
35407
3920
36733
48131
40416
34606
35290
34220
34564
35217
34813
34337
34835
34628
34607
7259
34084
34466
34696
35161
34427
35011
35288
34389
34679
35268
35200
34146
34166
34447
34454
35033
23136
34913
34677
34666
34612
50143
34579
35001
34449
35162
35140
34735
34953
34571
34643
49035
34175
35032
34667
35121
34984
34794
35175
34222
34537
34705
52673
35036
35204
34257
14058
3037
6881
6157
28293
58676
7157
7133
42496
6695
7384
6340
6789
6504
6588
7079
6821
2219
7029
6815
6535
7390
6997
6975
6210
6267
6907
6592
7204
7039
6781
53274
50532
7347
6187
6216
7361
6699
6400
38588
7147
7360
62232
7079
6426
7022
6800
7300
7361
32119
7204
19812
6881
55085
6373
6372
6838
7131
6981
6600
7328
5626
6909
49035
37498
7339
7349
7147
6266
7150
7411
6279
6389
7093
6883
6552
6306
61802
6430
7197
6286
4561
7094
19579
38022
6570
7099
6748
6610
6150
6894
7208
6269
7353
6184
7372
6188
6306
6629
7130
6812
7129
7377
6912
7122
6987
2238
17596
6847
7202
6519
30209
23647
7058
6798
6616
6434
6325
6445
7104
6904
7036
7214
7085
6889
6721
6567
6800
6229
29686
6582
7376
6910
6704
6248
6240
6581
6756
7074
6322
7354
6460
7335
7197
7323
9815
7081
7224
7088
23406
6449
6559
7214
6172
7201
7008
6488
6452
48621
31514
6232
7328
7010
6188
6957
6442
6841
6176
6419
6301
6374
7213
13080
7096
7323
6819
7133
6822
6238
7218
7048
6428
6698
6155
6339
6959
6211
6724
16335
6613
6477
11007
6999
7107
6243
6910
6145
6773
6908
6633
6480
6167
61357
60993
60653
60595
60843
60329
2891
61388
60950
61198
60550
61111
61062
61102
61195
60329
61060
60208
60853
60528
61435
61410
50097
61305
60615
60373
60486
60205
60611
60918
60900
61191
61192
60734
33701
32086
38045
61246
60952
60573
60538
60719
53746
60329
28992
61180
61314
61390
61395
61004
60604
24401
60416
14447
60607
60383
61359
61336
55544
60937
61070
61296
60815
60915
60456
60774
61093
60753
61434
61418
60192
38341
20699
60733
15612
60843
60880
60708
47071
60366
61402
60185
60595
24095
61026
60327
61007
60746
61327
28316
22005
60952
61314
60202
61201
60264
60674
60784
60607
61132
63541
60805
60936
60494
60383
60878
60669
60330
27082
39200
61262
45777
60602
5463
60836
28541
61160
60743
60613
61061
61373
61064
60929
61195
60714
13089
61119
60238
60825
60756
60467
60763
60588
61427
61155
60866
41746
60345
60806
60572
61169
60980
61017
60296
7161
60568
60779
61421
60186
60216
60801
61045
37766
60294
63300
60859
61356
60725
60810
61086
61096
60911
61344
60490
60862
61193
45304
39673
61234
61134
60550
60259
60538
60899
60681
60288
61411
60290
64762
32148
61362
41902
61294
60862
52754
60941
61382
60199
60687
60213
60356
61322
60410
61019
60832
13003
20280
47737
55779
60596
26234
26064
26141
25668
26477
25453
25910
25347
25953
26607
25852
25972
26227
26323
25481
25444
1306
25786
57274
25799
26457
25812
26247
8776
26567
26421
25665
25638
25765
26154
26618
26443
26524
26087
26049
25692
25999
25400
25519
25795
25609
44361
25651
28387
56218
13199
25477
25684
25477
26492
25765
25393
25826
26474
25444
26614
51861
26135
1495
26334
26489
61121
26559
26327
26145
26206
26187
26058
25497
26567
25622
25798
26061
26587
25911
26410
25509
30218
25872
26119
25922
25574
6975
25535
26419
26184
26349
26253
25514
25471
26182
44631
25415
25560
25577
25861
26486
25974
39010
10754
26085
25899
26029
26223
45118
25641
25389
26493
25513
26614
26374
26088
26364
26125
25520
26599
26523
25729
49922
25544
26486
42090
26309
25915
59598
26335
25542
25758
26600
30504
26233
25715
26071
59306
65415
25344
26511
25499
57455
26415
26122
25939
25576
26552
26100
25397
25591
26312
26297
26070
26188
26601
25798
27543
25993
3176
25476
49842
54533
26205
26146
26435
26611
26594
26336
26095
25808
26226
26206
58147
11036
25783
25814
25616
26453
25683
25723
25710
26485
26050
26126
26500
29697
26544
25697
26312
25756
25775
26136
26247
26540
26613
44669
25349
25785
25929
25509
26322
39491
25871
63204
62990
23573
63298
62335
62993
63398
63188
63299
63223
63486
62336
62905
62521
63432
62778
62328
62467
62217
62229
63481
62760
62283
20737
63160
62859
63117
63046
62236
63188
63139
62258
62671
58753
62490
63004
63406
63328
62398
63048
63342
63237
62253
62948
62581
63224
62895
62443
62394
62429
63479
17166
62643
63298
62287
62784
62540
62977
63333
62638
62516
63422
62247
62691
62804
63147
62776
62617
63097
63057
62641
62329
9051
63472
59000
57068
62596
62620
62875
63229
63424
63032
63133
63254
63256
29578
62359
62961
63001
62233
62724
62422
46583
63188
62805
63046
62853
62480
63094
63275
35102
62795
62519
15083
62666
62340
62935
62213
62344
63346
62859
62803
63356
42453
54518
62388
63242
62684
21402
62670
62229
26441
63240
62236
62952
62367
62695
63103
42658
62353
62527
63484
62495
56802
62835
62620
63436
62349
62557
45401
63089
63077
63282
62474
62605
62570
62581
62771
62614
62337
63423
63056
62581
62373
63000
62531
62222
62395
62975
63368
62347
62617
63132
62288
62764
62839
62456
9774
62730
62622
62755
63032
63136
63038
63094
63299
63101
63037
53828
63418
56697
62468
234
62368
62798
62917
62935
63211
62817
28376
63253
4919
62353
54577
62540
63282
63338
62920
62405
63290
53684
53940
53783
52931
53586
53594
52742
53241
52793
38117
53226
53463
52974
53006
53017
52451
53950
53425
53864
53544
53750
53778
53717
53283
53499
52953
53468
53435
53147
52760
53611
53000
4164
53937
53357
53748
53001
26162
53750
53842
52926
54006
19974
53126
7494
53420
52765
53264
52842
53709
53625
54004
53441
53613
53136
53872
7694
53800
53152
53917
53001
53302
53971
53459
50766
54014
25527
53953
53164
53671
53532
53057
52802
53267
53743
52830
52924
53782
52820
1708
53710
52794
53057
53910
36344
53777
53955
53546
53234
53925
53403
52999
53124
19584
53961
52861
53228
53435
53029
53776
20162
49726
52863
53507
52748
53551
53823
53824
41409
53833
53713
53868
52759
53288
52837
9013
53813
52911
53072
52963
52894
53523
53460
53900
53736
53482
53027
53045
53447
53490
53226
53641
53641
53101
53380
53990
53877
53814
30153
37677
53657
52933
53077
53683
52759
53707
52754
52943
53399
52820
53194
53651
52879
53452
53913
53643
53283
52862
52748
53743
52963
53238
53918
53095
53556
52962
53976
52878
52823
53394
52918
53976
53364
53147
53968
44991
53047
52844
30648
52764
53852
53682
53561
62697
52968
53915
55887
54013
19812
45760
53070
53736
52869
10363
53862
53703
52956
53434
52980
53484
16070
16396
16992
16585
16746
17125
16023
16568
15990
16256
16371
13002
16973
16448
16040
16984
15875
15928
7210
16677
16107
17028
16937
15990
15943
16283
49178
53236
16239
16007
34367
16765
16825
16675
16192
16965
16082
16075
16118
15986
16225
16443
57210
16992
16929
16862
15996
16162
29787
16204
16872
16322
16364
16548
16288
17108
33668
17038
32731
56889
16030
16151
16396
16908
17151
16042
16412
50773
63221
15959
16946
19720
35015
16726
16731
52170
2926
16293
16421
15961
16560
17146
16361
16311
17057
45346
16258
59273
11045
16750
16646
17113
16585
16860
15954
17045
21097
15879
16057
16144
19029
16455
16754
15892
16999
16353
16820
38066
16129
16131
17125
17047
17136
16095
21242
16747
16807
16295
16430
2313
15888
16027
33601
16728
15878
16645
16194
16403
17014
16267
18572
16809
16954
16968
15929
16753
16858
16881
39940
16128
16526
15881
16095
16621
16019
16398
16432
16793
17107
22273
16279
16055
16393
17104
17108
16190
16297
16253
21316
16920
16994
16795
16522
7580
16729
16314
15916
16465
16606
16868
23245
16170
16393
16002
16899
61756
16674
16219
16316
43159
16476
16564
16866
16893
16941
16357
17010
16553
16713
16550
13612
16054
17133
16050
16220
16231
17088
15972
16861
9282
30095
29243
32501
30272
29352
51480
29688
46154
29899
29316
30959
29466
1026
29694
29848
29932
33182
29206
30039
55877
29841
29592
59317
29384
29823
30315
30376
30235
30427
30368
30322
65192
30244
30110
29715
29469
29422
30000
25249
29185
30319
30288
29541
42128
29536
30382
30378
5727
29254
51617
29674
29865
29926
29723
29505
29942
29333
30376
30332
46752
29927
29458
30010
29733
30110
29836
30008
20791
30335
30255
29684
2006
29408
53044
29516
29453
30103
30132
29315
29861
30378
29648
29915
30207
30367
29510
30050
30239
29970
30299
32204
30024
30216
29516
30435
29707
29418
5085
29964
8878
14168
29290
29569
30224
30195
29379
29283
31094
29264
30027
29356
29429
29528
29212
29514
29677
29789
29345
30373
30435
30282
30051
29453
29655
30235
29908
54971
30373
29947
29397
2522
30031
33711
29932
30190
33008
30341
29953
35797
30191
29406
29672
30364
29983
29515
29377
29408
29358
29990
30425
29894
51973
29389
29937
29728
30049
29574
30392
29834
29961
30251
30341
29409
29425
30412
29371
29429
29212
29725
29555
30398
58050
29590
29211
29230
30208
29978
30137
29446
29260
29938
29529
29190
22768
30450
30122
29656
30439
40578
21937
30084
21532
29391
29362
27873
29371
29562
30325
30154
58818
49154
15023
14570
15383
15512
15144
14865
14444
15565
14871
46819
15017
15583
14724
14754
15159
14382
7614
9344
15268
14676
14774
15164
14618
15205
14852
5199
15239
15101
14596
14999
14839
14408
15088
33423
15045
14937
14825
15233
62044
15068
15197
14872
14921
14808
15336
15596
14998
14980
14883
14850
15429
28116
15070
15274
14442
15231
15373
14734
14998
15484
15056
14520
15565
14714
15118
15275
14863
14644
14403
17126
14971
14445
14843
15571
14737
15284
14624
14631
15367
15455
15128
15143
15025
15529
15296
15069
14888
14420
15450
14630
15555
15381
15499
15518
15440
37605
14926
14632
28757
15595
14699
20744
15299
15254
15350
15173
15533
15177
15297
14668
15607
15475
15144
976
15476
15025
48373
15065
14658
15122
15017
15030
61551
14828
14679
15077
14931
14414
15020
15218
15338
14486
14548
15395
15575
15052
15223
15279
15365
14983
56575
29802
14628
21393
15529
15598
57358
15186
15494
15502
15244
15315
15525
14379
14451
15374
15483
65326
49225
14718
15131
15398
15368
14959
15247
15054
14402
15355
15595
15043
15580
15548
15511
15278
15037
14511
14790
15402
14489
14994
15474
14930
41027
47945
15187
9929
14897
15454
15039
14999
14622
14405
15238
14605
15432
14432
47483
14422
37266
22630
57207
640
813
697
21685
1698
1567
3472
1665
889
1178
556
1580
922
30598
1266
877
1757
23276
1748
1020
1089
589
812
26666
559
1692
595
1561
1571
1491
1104
567
4686
866
1385
1357
1484
665
9207
623
12090
1428
1039
873
639
1212
764
1267
51376
1512
951
60237
705
27196
612
1319
673
57615
1730
26910
1516
688
1679
1739
1661
18046
1310
1335
41476
1789
1048
1381
878
783
53164
1430
1634
892
1026
1375
1702
959
1164
1081
1594
1292
1108
30939
1641
1380
1634
776
1144
1248
1695
1420
1525
34866
1019
11586
1396
1450
994
1299
1207
1026
568
35201
1248
1593
40813
49699
1475
669
613
557
1621
682
1162
1156
1406
1666
30463
648
916
35745
1205
53977
630
559
1350
1356
1728
1416
16434
1386
1654
1052
1254
1635
555
1040
547
1412
2427
1664
1120
62189
727
1449
43839
949
1222
1704
811
62389
1011
771
724
8932
1180
1681
41822
1084
884
1422
63790
5915
1286
1588
1681
1253
634
1178
1070
37720
928
45900
877
1009
47055
1343
792
1446
1257
61745
1090
8687
1678
761
15675
550
1411
1321
1659
1770
1112
39674
44126
28151
28413
27164
28221
27566
27563
27436
3923
21711
28190
28111
27211
28088
26734
27883
28061
28228
27143
27908
2788
27641
27349
56947
27391
4472
28298
27614
27873
27601
27379
27822
27874
28145
27789
28242
27364
27903
28339
27235
27715
19487
27995
28275
27456
51074
27582
27515
28176
27668
50036
27357
27723
27531
28149
27200
28262
28172
27755
28010
27644
27503
27468
27852
28278
27504
27487
28266
27255
27931
28319
27520
27620
27749
27492
16235
27835
27201
27910
28016
27326
15092
28357
27333
27830
27721
27898
29165
27614
27301
27622
28379
28345
27526
17261
28179
28393
28399
28524
27659
27440
28351
55216
27151
27653
28126
53010
28018
28117
27288
28379
27575
11520
28331
27723
27990
27302
28365
28055
28372
28291
27795
27570
27860
28092
27376
28411
27163
27144
27631
28096
27571
51180
27479
26769
28041
27425
27906
28223
28165
28380
27362
27603
27877
26096
27833
27694
27933
27237
27348
27703
27827
64382
35798
28313
28013
30689
7590
28175
27847
27692
27618
27878
27257
27773
27670
28067
27412
27557
27514
28359
27988
27544
30391
28367
27738
27444
46791
27623
27159
27806
28308
27904
28190
28110
28045
27966
27354
27482
27670
31183
41139
27939
28182
27710
28273
27582
28372
52480
27552
13
41901
40965
40739
41397
40751
41756
40855
41787
41663
41388
41776
29138
41513
41724
41475
40863
41064
21435
41523
41514
41840
40998
25487
41299
40839
40813
40945
41394
41189
41731
41526
41172
17168
40990
41917
41634
40790
40924
40745
41077
29028
41126
41981
40990
41073
41390
41525
41926
40911
40851
40880
40737
40815
40766
41268
1665
41493
40959
41235
30859
41894
41396
41477
41233
41193
41419
41840
45588
41288
41256
40968
41911
41692
41313
37864
41515
41315
40904
41543
41535
41408
41223
41538
41670
40903
41164
40801
41793
41683
40767
41409
41723
38678
40890
41065
41125
41307
41293
41489
41892
40647
41564
41244
40964
41332
41004
40843
41480
41845
41084
41023
41771
41866
41015
40847
41976
41095
25838
41805
39703
19505
41547
40815
41769
40711
41924
41299
41453
41950
41401
41703
41281
41113
41801
41548
41367
24385
41319
40738
41823
40873
41088
41333
41823
41553
41441
41694
41494
41213
41444
40988
41632
40814
51128
41012
41162
40721
41258
41328
40711
40846
41288
41923
41452
41320
40949
40889
41084
41958
41949
41486
40727
27034
41370
41982
41910
41507
12275
41499
16955
41806
41858
41695
41793
41239
41020
41055
41892
41748
40852
41020
41839
41965
41713
65154
41481
41669
41421
40934
18258
49213
49985
50028
49748
50053
57668
49518
49253
49592
50140
49170
49867
49588
48989
49543
49549
49966
50078
49458
49500
49095
30959
49138
2461
49344
49968
49837
49593
48772
49022
50021
49361
49836
49754
49900
50172
49851
49336
49700
49453
49445
49520
3224
49915
49254
49926
64207
49422
48934
49206
49408
49501
26067
49744
9861
49926
49097
49792
49929
49965
49778
49091
50115
49350
49170
49724
49251
49373
49240
49606
50144
49593
49717
47801
58212
49903
48955
43933
12782
65385
49363
50137
49616
50135
8209
45042
49601
50070
49362
49662
49347
49402
49881
46025
49635
49861
49543
49074
49292
49571
48962
49082
49917
49922
49611
49284
49017
49551
49142
49087
50030
50110
50016
49981
49858
49941
36110
49386
49036
49408
50543
49423
48919
18640
50037
49885
49301
49807
49800
51677
4990
49400
50162
49067
49179
37155
48906
49887
49720
42810
49542
49907
49767
49272
49708
49518
49854
49771
49072
24017
49391
49904
49904
49707
49981
50013
49712
49976
49403
49594
50072
13418
49874
49668
49925
49953
5839
49468
49800
49682
50024
39649
49508
49282
49644
49832
49411
49474
49181
48992
49789
49795
49115
50086
34949
49057
28172
49169
49631
49487
49947
49489
48962
50125
49264
50004
49612
49409
49121
15390
15722
14908
16054
15015
14997
15144
18195
50240
15423
4217
15512
15589
16055
15844
15948
15527
15925
14928
15200
18143
15285
16047
15546
15830
10412
15893
14911
15784
15592
15021
15504
15014
3909
15507
15381
15373
15800
15467
15399
15940
15332
15513
15870
15550
15293
14912
16101
15487
16112
14856
14993
15505
15573
15414
15683
16046
15676
15546
15279
15334
15750
15040
14927
20219
15819
15136
15417
26509
15641
15504
15483
15542
15546
15166
15981
15607
54484
15030
922
11791
15642
15144
15037
15780
20783
16105
15218
16068
15996
15634
16051
14893
15550
25640
15037
15126
15761
14945
31087
15740
15893
14968
16101
15136
15980
15505
15922
54247
15743
35653
1143
15919
15455
53214
15758
15773
14979
15971
22013
15824
15783
15090
15499
15958
15844
15004
15727
16043
15015
15822
15204
15365
15621
16064
16070
15648
15965
15946
15240
16123
15130
15722
15754
15648
16083
15527
15997
15528
16069
42726
15806
16069
14875
15394
17354
15833
15495
15730
15634
15670
15797
15489
14879
15148
56546
15667
15129
15402
15919
16049
2990
15411
15266
15385
14982
15199
62424
15199
15896
36417
15153
15636
10235
15034
15145
15538
15568
15882
15346
15283
16091
14996
15459
15363
15861
47935
15067
14926
15053
59750
59280
59471
59773
60224
59775
59603
60083
59225
59597
60086
60171
59520
59817
59607
59419
31695
59933
60064
59139
60153
59905
59942
9307
60206
60007
59578
60277
30216
59787
59811
60073
59362
59744
59252
59530
60039
60331
59704
59209
4507
59301
39952
41266
60273
59848
47742
60007
30979
60092
39523
59137
60304
60038
60133
59441
59274
59192
59734
59500
60400
60095
60215
60131
59317
59388
31098
59165
45497
59329
60256
59385
59584
59918
60291
39190
59799
59563
59580
59390
59651
59848
59376
59865
59622
60241
59201
59937
60383
59196
60272
59170
59649
59375
59236
60111
22028
60396
60157
59278
60740
50498
59307
60365
59918
60007
59833
60217
59468
59709
59853
60395
60249
59160
59702
60040
54770
59709
59449
60038
60048
60026
60330
60317
60280
60144
16218
59410
60262
60034
60223
60155
60205
60000
59770
4972
59261
62574
59849
59636
59512
59739
59419
60301
64385
60223
59472
60260
59710
59476
59505
60139
60075
59533
57535
7329
60157
63272
59752
59546
59811
59774
59171
43517
59208
59417
59665
24770
59878
59861
60291
59443
60353
59297
59340
59764
35720
59170
59722
60402
60258
59724
59190
59348
60218
59517
60068
60317
59187
59903
59545
59850
59346
59588
59819
59861
59227
59566
32967
59465
32514
32227
32629
32964
33198
32793
6613
32295
32951
32865
32294
32090
32340
32249
32802
33045
32735
32171
32098
32478
32518
33198
32168
32571
33074
49138
32286
43098
39771
32059
32144
33162
32148
32515
11118
32715
33121
32145
32932
32061
32055
32533
32154
40415
33224
32664
32075
32319
33002
42804
32651
16288
32314
32048
32287
32582
32183
33111
32605
32518
16459
32970
33012
32336
32416
32593
33241
32229
32783
32357
33276
32970
32538
33017
32020
32603
32010
32274
32009
64586
32838
32605
32660
32874
32504
32419
24176
32086
33121
32341
60378
32244
5260
32436
32296
33212
32292
32863
10593
32415
61213
32240
32253
32515
39056
33228
32745
33237
54336
9337
32166
32549
32655
46990
22355
33194
32100
32167
32179
32211
32568
12813
33022
32566
30171
32950
1451
3968
32889
32328
32580
33006
32344
33081
33065
32117
32738
41799
32082
32728
32879
32156
32378
32206
32283
32644
3341
33072
32124
54680
32559
4886
32078
32129
33068
32068
32728
33008
32866
32144
33268
32321
32608
32765
32360
32578
32210
32023
32714
32006
32568
32120
32682
59803
32241
19265
30390
32834
32250
32254
59643
32992
32111
33005
32065
33067
33138
32850
32755
32140
32129
32721
32233
29327
33039
33230
40724
32178
32681
32310
42823
42638
43105
30813
42145
42194
43168
42756
42223
42165
42894
42161
42668
28835
42514
43219
42836
42294
4115
42244
42142
42047
42702
42939
64263
41995
40922
42793
42883
42461
42649
42116
43220
42042
42221
42102
42407
42130
42610
3821
42397
42999
42526
27933
42291
42825
42834
42763
43070
42270
43226
37757
42282
42690
42047
42940
42227
42109
42475
42319
42992
42153
42822
42063
42021
42551
42042
42054
42757
42110
52584
42168
42278
40583
42976
42427
43143
17825
55613
42807
41119
42451
11148
42603
42574
43073
48158
42122
43167
42338
42417
42613
43036
27050
42255
42237
42238
11750
42628
42423
42738
42999
42636
42887
42257
42896
42206
42821
42718
42938
42494
43124
42644
42762
42055
42114
42832
42677
26078
42206
43121
42735
42825
42424
13812
42303
51485
42430
42392
43140
42475
43191
42458
42887
42886
42677
46569
15192
42295
42569
42101
42383
42349
42441
17139
42220
42511
36116
42924
42546
42433
43048
42163
42307
43090
42901
44470
43077
43003
42589
43115
42607
30185
42465
42454
24360
42005
42434
42977
21538
42368
50627
42494
42678
42297
42588
43107
43240
42169
42859
42982
42050
42850
42143
42522
20968
48909
42450
41984
42225
42254
42795
42126
42365
42707
4931
42278
43245
42219
42767
25607
26397
25488
26284
25743
25612
26328
26104
26029
26541
25499
25495
26202
26323
26057
26203
26285
26431
25620
25738
42263
33997
25593
25955
26471
25910
26341
25570
26582
26552
26084
26406
11291
26346
25819
25573
25830
26530
26354
25425
26476
26248
26443
25824
25482
25493
26214
25890
26303
26459
26439
6512
20976
26110
25786
26206
25727
25518
26546
25532
25756
26054
25347
26368
26220
26391
26895
25893
26285
25664
26533
26504
26595
57614
65302
25356
26049
25978
26128
25896
63902
25798
26154
26234
26335
25527
26266
25986
26591
25420
26623
25484
26297
25472
26608
26218
33880
25669
25681
25868
26174
25603
25988
46038
26148
25912
60866
25495
26230
25394
26045
26363
59084
26333
26240
26135
25920
26543
25823
26020
25595
25491
26621
25849
26296
25928
25564
26553
5332
25839
30429
36113
26357
26068
25619
25644
25628
25441
25723
25399
26502
2765
26021
26623
25924
38070
26569
25894
25810
26241
26220
25575
26470
26601
11643
26059
26589
25781
57216
26184
26135
15928
56642
26268
26327
22116
26513
26297
26346
26358
26392
25411
26151
25504
16644
26600
25409
25894
25484
26199
26069
23885
25544
26320
25708
46098
25747
25796
25979
11917
25627
26272
26513
25937
25744
25953
45337
26044
26476
32350
7662
6791
6554
6412
6639
6489
7035
7411
6906
7087
7371
7233
7155
7076
7478
7217
7376
6573
32367
16776
7194
6577
6506
6783
6623
7337
6803
7264
7459
7446
7225
14411
7036
7073
6547
6445
6746
7334
6423
7040
7296
7304
7019
7638
6529
6659
6637
6740
7290
6892
6628
7158
6511
7614
6407
7446
7276
6831
7411
7057
7123
7252
7148
6523
7127
6768
7105
7313
8619
7270
6638
7272
6587
7370
7351
47313
7174
6768
6990
7626
35715
6701
7505
6822
7085
7356
26088
6773
7379
6947
6875
6685
7665
7463
7247
7497
6502
6815
24910
7613
6556
7236
6925
7336
7451
7276
7167
7180
7247
7116
7361
7025
6558
7633
6838
2215
7516
7252
7262
7242
6823
6905
7123
7508
6538
6754
31617
7132
7221
6963
7621
7448
7626
7621
61782
7042
6840
7642
7125
6809
6516
30771
6670
7265
7383
6469
6908
7550
7425
6737
6597
6587
6403
6779
6586
6693
6858
6690
6490
6904
6781
7642
6673
6834
6525
7416
7116
6403
565
7464
7343
6806
7546
6902
6949
7164
7227
7197
59141
7240
6672
6423
6660
6800
7482
6741
7174
7021
6950
6727
45919
59076
6987
6483
6713
7407
7060
7534
7420
3379
11064
11247
53829
10331
10410
11467
10717
10504
10516
11417
11181
10384
1720
10383
9759
44814
10915
11396
10835
10963
11039
11136
11259
10356
11209
10772
11382
10755
11091
10728
11490
10591
10300
30786
10807
10528
10766
10692
10277
11284
10331
10445
10273
61579
10285
10441
11444
11487
11471
10323
10469
3229
10793
11325
10303
10923
53503
52717
11044
10818
11468
3633
10318
11224
10790
11028
10601
10368
45941
11091
11077
10572
11444
11357
10994
11007
11095
11361
10993
2131
33295
10701
55396
40388
11410
10728
11383
11185
10535
11477
11215
10738
10867
10753
10524
11225
10634
7739
10543
11108
10842
10701
11478
10595
11024
10888
10812
40040
10827
10293
10887
10902
10996
10837
10649
10945
11320
10322
10302
11003
11352
11155
11490
10977
26789
11517
11324
10497
11169
10940
10352
11098
30744
11095
10852
10286
10959
10740
11094
10520
10377
11014
11207
10433
11132
58526
10315
11515
10437
10457
10976
10756
10324
10311
24873
10240
10335
10708
10564
10526
11048
11415
10770
11466
49895
10835
10274
10382
10627
10483
11094
11480
10940
11428
35817
11231
11095
10510
11007
11504
11370
11230
11167
13076
11375
10804
10383
11292
10974
3396
10961
11225
2006
10909
61385
11175
10540
10388
11092
10690
40757
40258
40854
41394
40612
40827
40589
40688
59561
41173
47525
40696
41396
20393
40535
41364
40986
41126
22096
41305
40923
40555
41214
41243
40306
44425
40960
41350
11695
40257
40660
40944
40622
40694
40618
41361
40351
41045
40734
40776
41085
40912
40447
41056
40539
41138
40559
5522
41249
40388
40551
30239
40853
40346
41180
40456
41317
40689
41240
20770
41339
41171
41197
40661
41153
40882
40733
40760
40832
40760
40263
41320
40894
40473
41285
40544
40297
40351
41377
40429
40640
40413
40967
41104
13987
40344
41460
40502
40829
33349
41448
40281
40731
41383
40624
40272
40809
41017
40796
40747
41369
40746
40738
36256
40856
40868
40451
40741
40603
41408
41403
40956
40432
63921
5951
39616
40308
41033
44822
16654
40743
40976
41083
40981
32566
40305
40710
63809
11461
40950
40697
40795
26432
52474
44334
40408
41251
40943
40890
41001
41114
41338
40646
40967
41405
40403
40304
41387
40543
40894
41292
41166
41281
40667
41119
41208
40950
41425
25899
41074
40786
40325
26823
40540
45352
40772
40253
41104
41221
41159
40238
41433
40968
40881
40962
40536
40403
40917
40628
41151
41364
41374
40344
40303
20976
40303
16797
23011
41065
42561
30126
40251
41293
40449
56232
41031
40363
40244
40488
40975
