14592
3278
36048
32098
29256
18289
13434
11395
55302
4165
3905
12280
28657
30495
3478
26062
54987
28893
58878
36463
851
20926
55392
44597
36421
20379
28221
44118
13396
12156
49797
12676
47052
45082
34671
5695
60217
16361
49615
10328
38427
47400
25203
9116
6006
29871
37930
10458
30512
13238
49823
36434
59429
47819
21319
48520
46566
27460
34993
9358
22431
32087
21417
60589
49735
35382
28785
42504
7331
30021
4207
41347
52581
35093
8675
27653
41245
27869
65435
51856
60142
18726
34718
18301
32325
34438
56155
52350
47447
28746
18131
64686
11915
6175
14371
20033
20969
55333
8326
50432
50019
61348
32953
1504
15014
34973
44587
14621
38469
56985
20730
59470
425
34522
23416
13947
39117
26071
20032
49009
21174
74
42487
64042
2552
14662
47576
40306
31385
7592
31571
10322
11226
63699
9071
16483
16828
62296
21643
34741
55461
27760
26365
40857
52296
48944
57422
59177
15860
32493
29451
8392
44313
2757
30161
28864
942
9305
7716
30007
8834
4117
43309
9287
31195
36500
63624
28080
17342
61953
31850
61993
53354
24957
12363
12704
56498
46438
55519
53883
61213
7100
12899
7944
52772
44473
14322
32591
25112
24931
58800
18373
55296
24050
36509
60637
32742
9880
58082
12833
6630
1934
12224
30982
21798
53269
63653
63092
28016
52565
7685
21579
49672
282
51173
34760
59638
37388
55444
63788
20289
24890
38890
28534
7665
7989
41104
7492
6572
62493
20635
7455
10500
24356
8981
8907
30828
52923
15713
32271
5209
10745
54948
41467
34179
26772
41180
31285
34814
51876
17154
39321
59929
41441
9508
1220
60068
13104
9602
27938
34760
17361
45745
9016
32018
48434
37353
20676
57433
39651
1025
39240
13577
17601
34664
15129
14029
20374
35697
36930
27607
44942
26685
34600
64032
32914
6658
12097
55518
36265
5778
464
43719
17146
34335
21178
57912
56057
1267
14663
9862
19536
4722
48393
19410
56333
16704
5482
40404
47795
5229
46898
27535
32706
13473
46357
53264
20257
31029
21299
23206
54040
3248
23509
43540
53964
32527
34970
20866
14168
50140
5075
61694
29154
26158
60332
45830
40001
29831
29219
3101
25313
52227
43025
36517
9099
36585
46025
52386
43404
3617
15118
34237
23405
34795
5014
14208
56959
45309
41114
57199
15157
50488
24914
33386
5817
57154
221
25825
47739
56531
9171
43279
41145
16334
39363
40538
53528
42753
52743
38752
16683
25144
55108
49695
22810
39446
53225
53
39829
37606
27549
56346
42237
60946
57905
57954
28010
62021
22241
11114
37196
43933
12240
30784
40687
29444
26100
19313
3201
6057
32092
62277
9545
59692
54321
25485
50328
64799
52383
31979
19342
726
13970
55724
28683
23053
60889
6582
32662
15906
59829
17477
60901
41588
58008
55933
58446
20861
62216
58991
33972
32406
36347
63517
31358
35992
57654
10155
37450
30735
35614
44020
41904
10561
18136
19769
30311
50205
20028
28043
8418
54377
53424
43369
61069
54496
8161
27110
55069
51049
2560
49857
62518
772
46105
39139
51116
54921
28906
63993
28760
35774
57125
63654
3804
50968
44057
52994
21632
61261
16728
3534
51645
3552
11003
56179
17786
60515
23819
6590
34099
49689
42906
27742
59598
42840
44236
49692
36471
55255
33065
10735
61644
2540
6826
45870
29389
8993
5276
4067
32411
26130
2671
19973
31266
16544
62070
14993
28569
60952
33586
48351
21992
15012
21465
40768
14168
3365
40888
49192
51990
25995
9961
31830
13356
39529
15866
5383
45508
56148
48571
9038
44725
1658
55057
64251
13833
56822
47472
60258
20052
57080
23086
35400
63372
60931
57091
35179
42245
32177
11359
36559
59087
31963
60910
49674
44092
3761
64789
42600
23834
63904
27802
46507
33862
44608
36655
36211
1330
25042
11221
31635
53271
64038
31499
62402
64332
58743
2260
12196
38566
29045
53005
31890
40135
48368
62031
45056
55771
43357
46112
59473
35509
40189
32951
30217
15814
25242
41359
15670
24267
25105
28361
63464
36241
37093
13176
25443
38829
29816
47301
23519
39618
1854
16591
35954
5965
7146
38290
16551
64340
13446
1607
37268
61524
62746
57733
44657
24164
6734
33092
62616
14953
8564
52521
64454
9710
7026
19887
19555
39824
11164
32530
15525
54548
29581
49856
59049
58028
38974
56207
40026
7894
13006
27235
27659
34687
10641
20585
31439
22782
9838
20517
350
53545
59048
61592
38175
4278
30340
37762
37056
59510
9329
30595
34675
25928
55723
15043
29466
19528
34816
18643
9359
7816
21747
40319
37828
57560
16299
61433
39857
52757
35683
64722
57377
10543
5224
56626
42247
32816
3390
11970
30005
2719
35325
5273
22962
61669
57963
36458
23788
57132
64451
11959
61605
45607
53523
43687
42081
13710
21079
43228
53955
64942
37777
52488
4809
59614
11542
41224
33082
42372
15194
52976
150
60552
54165
7104
24586
47419
65338
57939
6764
26680
35003
17172
37752
57424
63532
15915
3783
31365
20758
40730
1792
53476
12217
29451
14871
60482
15396
20181
65323
38254
35838
54459
63242
61894
31946
59871
18958
50277
24983
17892
9150
36208
54387
44548
35018
336
37072
39132
64178
19476
58529
63483
45236
43573
49441
59682
42176
24727
31300
50196
30613
53841
5720
41704
61993
49968
50604
19936
64923
4852
16547
43515
13154
57711
13069
59890
2011
18894
53736
20232
9807
61537
34737
44375
52098
10527
43065
49808
41505
63956
4705
8968
30771
37667
29817
11846
56881
12903
13173
58153
21805
39251
3794
6028
42516
7355
38452
46984
49131
56450
19080
32007
54008
23600
22280
22946
10350
50140
31566
65230
18758
30433
60443
33289
60236
33466
1231
60981
37700
20706
9681
57898
45293
39210
55615
32780
59878
39599
26111
50422
63335
13979
31091
49986
47049
38780
38696
2875
51879
35976
1061
6428
65107
37512
30162
46179
28705
24920
32850
17927
12735
5167
40492
57779
4373
47823
17224
11813
38680
42823
54460
23021
26318
17322
47953
35720
21567
33681
63156
38684
44396
15095
61385
9869
18449
29571
52089
47942
11836
51717
1824
34663
16199
59609
48311
34362
49941
48689
14201
30647
61797
3280
42992
29015
8285
60852
39608
53516
15292
18320
5943
4877
39893
64569
15220
12739
30775
17781
50940
59459
48629
54935
20253
54379
12978
64139
53492
36666
4288
48566
28477
58115
58287
30947
47537
13022
48147
47012
7936
52184
36160
24878
16011
59600
12015
27801
2799
6629
43713
31925
16505
26896
8992
27152
28305
30539
43064
19340
371
36342
18964
17038
32853
22871
14408
3379
17275
1947
46955
31186
42437
2068
22838
34782
6868
16614
55176
14896
8330
62422
58756
47453
14293
59245
29038
5683
39535
60036
4082
7972
62781
52640
55872
14150
64260
58138
9632
10589
42219
19442
8609
16540
36046
42622
49925
38652
59469
56387
12999
14996
28183
56370
59186
29949
54239
44424
59441
52262
54524
12463
40966
55936
40963
33408
49060
20006
62163
8799
11957
11188
12219
56606
12656
48843
17054
7861
43207
16021
53845
46346
55435
6743
37700
40953
46090
13579
27884
20280
63201
29392
14184
45890
48176
15058
36512
29643
56244
3441
35054
3794
23647
35818
40499
44541
46009
800
23777
18776
52531
9120
18595
4018
12026
28197
49308
55028
59460
44681
20631
48503
40846
42517
11135
6895
20392
20632
6522
10693
35665
58079
55576
63656
57939
54287
35804
28255
14918
45242
56349
14534
37125
63783
40425
5952
28903
51807
7180
1007
26794
39507
27686
17987
33491
37938
43007
15726
1013
65193
56446
23028
16932
49834
30161
46421
9447
52044
5544
57176
2456
60260
10205
41033
56267
53008
54747
37947
15096
53088
2733
42568
22527
60305
47428
11551
57240
13875
31891
57104
52487
10308
51873
40668
44500
29041
43655
22037
10011
14945
25415
45793
46019
19358
30968
13474
19194
33550
25856
22740
20036
9876
23218
64764
60811
58838
42363
41436
19786
57640
8950
61462
57961
39691
36002
7362
46129
9724
40685
60521
59233
4929
7456
48331
37627
10057
11835
50394
60648
5376
58947
24672
42143
62341
19773
8109
59050
13566
45015
11053
22617
5130
32472
57377
57595
20807
47696
48870
37079
50779
53578
44350
6863
43863
8639
43213
12387
50667
37243
33029
19709
43694
10682
18537
45851
40662
51374
16901
11104
40577
49372
43054
16750
12249
55496
47425
2389
47526
40483
23627
28074
44791
63736
25166
29693
18030
20308
10114
38770
13256
4947
44140
17176
49377
20218
21266
23703
21697
57366
5726
53852
47749
31133
58222
37346
58841
30671
31348
40562
61474
25430
48213
57749
60513
36932
50052
54874
21241
26174
18140
32768
6839
62991
48655
13446
16341
37363
10993
21012
35755
58893
19313
57340
12021
29102
59130
45820
3495
54381
6980
51964
49015
30903
50615
10696
49140
29430
3694
41770
12987
43947
19142
18035
5020
37601
61925
18191
61487
58799
688
10384
2490
33544
28266
19597
55476
14573
37762
31147
39472
15970
6258
31252
55027
59914
8232
14530
65513
2154
31711
18818
38177
56261
205
46244
31531
54600
24551
11221
47265
8870
2665
51177
61621
5706
50709
48929
33246
2128
46805
8855
45193
31604
13587
43583
17486
5811
46176
44374
22949
60899
62722
23891
17675
8270
59988
4847
38462
26422
5741
26144
5492
41365
40642
52196
62049
33202
4799
25048
37501
46789
6265
43506
35811
16315
48237
57272
52431
57637
50678
44438
24486
65038
65211
48148
34959
10828
55640
10345
56440
23652
38504
42101
13447
10494
42981
38750
40173
58447
55851
21842
58183
46077
58606
5551
46210
57008
35986
7518
9835
53242
47619
20969
4081
18714
57432
4561
16545
8812
30932
48015
47467
50181
4244
20111
58972
48623
48760
58188
10077
18047
48096
52171
41207
36528
32717
14869
3396
24385
65410
50723
15435
34311
34116
58493
28124
37431
64382
26237
16074
17790
9706
59250
22630
58341
11506
41889
45537
8511
38058
39315
20644
22818
47381
29391
15907
26342
18202
31029
64752
3445
47303
48353
61263
17009
11300
8617
40539
52187
62739
53843
53665
9666
16426
41553
9720
58979
61057
45156
16821
23850
16912
56704
7263
16274
20056
39862
21581
21229
42291
29552
45353
37230
10336
32847
25729
35972
16406
39691
12245
22103
20210
22439
44252
5399
3718
10646
5958
34688
27631
54602
3969
65278
37967
39596
63300
32096
53227
38985
59446
9564
7852
20719
57619
54476
63471
60875
26741
44589
18830
40970
41853
45268
52260
17139
48567
13917
41827
31685
61141
16059
35058
58929
32495
18465
12689
6632
38038
50351
54805
32541
20932
42917
40988
24881
20885
65308
61186
65373
40441
65191
3037
11802
51543
59930
31552
28199
46254
6377
6624
36877
64866
61680
37453
1071
14089
56482
17555
34664
47943
52855
47964
5930
52505
6705
25513
47516
37827
9637
50639
59028
36663
15572
16864
12672
51629
48915
44444
47920
18909
26090
52610
5276
5938
5100
17961
43652
62094
59898
19521
18321
42987
41750
21299
51505
39221
44089
64205
39294
62245
2180
48281
43416
14366
54596
40327
3492
62205
34803
29824
6731
62973
22349
49832
19369
31745
4138
14404
25006
2482
57807
41116
54890
19848
54127
26724
53788
61814
8163
18098
27176
42604
62701
49391
41124
22699
60249
44869
46437
34650
63462
25200
32311
36569
39124
29473
39008
37880
27168
64094
41555
62888
45718
35842
37721
15974
49767
51712
45237
19198
38070
5513
37700
10358
45398
57983
33612
62793
28047
26485
35537
35601
17992
14316
31363
31779
6653
29579
30518
6880
13133
54172
43292
61918
13178
18018
679
20701
53334
62350
62580
26143
37649
42096
37409
7754
11725
30437
4888
22946
54773
23040
4763
52034
64930
24420
37941
4910
1214
39110
14064
43914
37298
59552
64738
17589
61344
35761
25272
14764
43343
21298
60150
33720
24405
1846
44185
38669
25318
23002
53148
56059
42982
11368
52538
12502
24219
18430
62580
42415
32512
895
34181
50275
30870
58554
34995
43204
39576
1498
34282
47127
30972
8142
15495
61000
40213
20934
53138
40760
15389
38671
48174
28947
28721
17507
62676
20078
59634
48971
54505
61712
28627
32435
10730
58556
47419
10237
14707
8094
26497
19641
21566
43007
57912
15235
26922
64071
11919
58390
7292
59432
17294
54450
59873
7567
60604
40392
2853
51897
33352
395
28560
9572
5936
55534
45158
8357
7897
9046
61875
4159
37629
53591
23590
17750
55097
49081
50132
58790
49479
49236
10518
17431
45582
15549
23392
51518
16691
29188
455
2979
39107
60686
55591
49712
30102
32441
60375
45371
20332
36129
24704
14790
4222
54950
2050
31544
27011
8819
13224
4400
58515
6380
32077
5798
52725
57535
30715
28477
7398
18367
37914
30692
41799
42030
31051
39552
18777
28972
54206
39387
36064
7989
22955
55994
64962
6145
45143
49958
41777
54568
53511
19558
39306
49343
24101
62065
31584
29536
39418
18920
60689
7552
54090
54592
17575
50910
31831
33422
26651
43288
10363
58954
48637
12119
24966
6755
35187
49436
5183
9539
24662
28444
62835
27379
43642
39739
2009
27762
24906
15376
62773
31797
26805
51987
31369
42154
37101
49894
61112
47088
40425
34283
47139
65179
61080
12924
61537
41973
26624
48589
41015
54254
5992
29002
19126
2125
34180
54732
38691
19976
25715
43236
30149
49786
32208
65444
44245
33728
64044
64303
60401
22050
46160
22185
18344
64004
24123
7698
4433
9742
6358
836
54053
18021
30334
8908
19795
1198
28668
59770
48916
7923
63334
63944
2061
866
53914
1553
2192
36010
37576
2246
56436
23496
14026
12624
19516
31584
25156
33084
46457
35038
52022
10357
48896
53218
60161
31877
29603
39318
10566
4152
12255
53120
49710
49436
62390
7355
1238
22463
10837
65517
56873
43420
12499
5577
30115
27710
62324
35532
6102
9744
36749
4312
23508
41220
2052
27152
18899
52205
10084
39226
21292
31519
51007
43480
50311
18343
10279
45332
7038
12803
57290
30427
9963
44642
51996
42778
3883
35825
59054
64304
29902
46636
49207
56603
24345
49816
11232
38715
32302
9634
10752
35123
20214
49807
20221
51068
41507
47277
13965
11995
680
40405
58292
47175
35358
13399
17367
11442
24561
56489
58830
53483
13538
3442
11746
46388
12198
42523
50493
1617
38253
54238
50829
11101
31816
22227
49903
22216
18198
35247
39469
35180
64634
19127
8292
21916
56973
36170
55194
39289
63469
10082
47333
32990
32321
64985
25630
60012
14021
17758
39932
887
51864
43544
49792
43193
57700
43874
56441
17842
39378
42030
26326
62784
41180
23283
52198
41830
38200
64357
31775
42714
49290
36739
51502
47843
14927
26188
23583
3527
60505
27479
57469
38185
9064
53627
65444
18242
39692
31722
33119
20203
55460
49412
9694
58860
62814
52534
54827
4818
47124
11138
14335
32536
46531
21802
5806
52378
43463
56420
13886
1382
12924
33913
29098
28971
58429
49036
51266
60694
19758
45215
3219
63277
13703
38722
54522
11253
15213
18569
45656
40880
44966
59681
27114
63298
45652
62411
12795
57431
59303
41800
8804
39356
5856
15084
2960
44967
14334
21542
31970
22865
20989
43383
55885
60562
30389
53090
24176
24430
56640
51849
3826
25863
58926
56302
50965
583
28153
26972
36483
8200
13336
24505
47945
42727
25830
59972
14936
34387
64157
41078
50939
51451
14972
45603
46135
60012
22613
38986
11108
17556
41049
15448
31270
40026
15328
23992
48929
18528
50916
54819
18070
50293
55448
24347
63788
22706
21871
64178
37858
18388
24523
41232
59113
7026
47059
1256
63518
17895
25575
50324
64876
53626
64451
54477
58176
64054
21922
10835
4044
28905
38284
4285
36025
29470
37836
22047
59942
64921
14838
14969
35112
48085
5453
57850
28644
55725
13423
32444
39021
4224
58947
34447
45688
11401
57549
15386
31056
27509
45957
56120
21755
18249
27082
27124
7780
45982
36842
22069
42421
38356
37923
35041
12481
17771
53948
7770
36349
16631
17392
32725
19168
42217
32447
51472
64154
18634
35221
54293
49174
59243
9898
12202
52802
36467
48374
59597
63968
42898
324
12208
60089
46952
8300
52129
28551
56314
27767
64843
35197
42318
37171
44270
17117
63614
45054
6345
6021
13051
60238
2134
16284
20707
57840
59836
88
56072
26518
17290
39566
20837
35916
12234
47242
32819
10803
48738
21695
6787
51949
40043
30689
56260
11953
12475
142
27973
62496
10215
17393
29647
58335
1217
1056
45032
15806
55353
17324
62613
9283
30008
50209
11708
13425
13526
41071
48177
39223
17973
50164
17451
18724
8966
1110
21511
57684
46030
27925
19840
53963
57984
28474
11362
13168
18351
16142
50335
46076
56280
41222
18327
32477
36302
11042
32527
37345
3515
39537
26928
24726
51347
38737
7152
31370
64865
50578
14777
31599
65481
9307
1581
47329
41480
17299
50703
55163
47895
22645
61736
9567
2187
8851
1807
34365
28277
5220
7925
52163
37550
54451
55518
52727
10803
20012
36368
10957
40620
10357
26633
20365
42827
51213
8665
40654
57342
31278
7589
32044
11300
56948
15202
59424
7212
40539
23022
15655
1660
17984
1487
21473
65065
45443
33980
21884
48741
16637
35227
15473
3847
43910
56272
35649
8371
34465
10101
65031
59663
47202
7266
65484
21873
48193
20618
33438
13487
15117
29937
336
5772
1610
32053
6026
61835
47707
50197
19671
23456
4635
54967
29427
42179
32540
54559
41934
35554
10208
48864
15650
6903
23507
29253
6019
52550
9034
60960
37002
40723
42899
11322
59866
1044
48354
26302
38219
39834
31795
60807
48270
64665
25614
32129
19735
835
53744
3133
30539
45406
1257
43911
191
49319
40306
13624
26895
31217
55026
64491
7850
18661
36677
12193
5754
30339
54140
48823
60091
11128
12527
17499
51688
9808
8163
57014
17132
31034
38230
34208
41288
51505
42762
41688
59343
35645
30619
9789
26569
17840
14283
20369
13848
21544
58925
61086
41160
53282
15825
46961
27215
59233
40410
60731
34735
15717
11851
20658
39874
5286
28183
42964
19441
11955
32534
46627
51936
6416
39169
34100
22789
4073
53004
59270
32748
12415
60560
13357
18322
15919
1567
8083
29135
17133
25969
52505
48790
11015
33924
9828
2857
8450
25919
58121
16880
12055
43456
16059
5596
60423
6637
22018
56774
51773
65028
3864
50165
55923
22650
46392
28143
24530
36042
36681
58459
19481
4541
32215
38680
65390
54000
62787
7992
11497
36670
50202
17987
54949
26143
32656
2559
50134
47069
62873
63527
45093
42153
50905
35446
23568
3416
41795
28707
3840
36822
7679
61824
46849
30508
20922
13124
32487
31608
34934
7328
28758
50911
46504
22768
23081
31005
41681
47026
3697
46095
18625
24672
64517
40508
23010
64282
4975
11830
7362
30490
28679
2612
62650
89
43481
26406
17103
44663
23260
42413
7806
2872
19360
18566
14538
47826
9506
48967
51851
13242
44113
39552
42284
17884
20644
57261
63858
41586
22833
46769
29260
22983
49595
40215
38602
16691
23292
235
51327
4244
23865
41709
28953
13645
65035
18434
43406
10198
31194
45457
41879
22005
11629
44007
58540
1493
34761
27483
32707
8885
45938
33640
14160
167
6310
50585
57438
55004
21802
54266
64629
49638
46036
49197
13294
62847
29567
21319
59151
9661
4379
38654
2631
41774
34226
13726
9725
44801
22296
49212
21090
9830
12203
44295
63273
4062
56534
21626
56911
20591
7019
13272
43397
26941
24901
53645
34768
36899
38980
31135
12571
6505
51498
64349
20131
7144
47294
500
56047
11485
38607
62957
26171
12712
3373
27125
22391
38248
10739
62071
15139
40416
52096
61727
64106
34734
11945
50793
24232
48630
49996
48418
24455
58428
5848
34510
57637
60956
34524
29654
35200
8079
19808
12675
11233
45061
54262
29820
7993
50738
54870
62236
30886
62424
39171
10348
51747
4551
19326
15765
58856
22659
21910
27772
25260
16539
5593
55492
10271
57067
26465
19382
33801
41910
8783
11406
50868
52082
42746
36202
60051
1620
54997
14748
54321
19613
19424
13133
13845
13237
37498
45071
53856
34620
50206
63646
62003
4910
22570
36099
52818
18855
52654
5083
51877
43449
31139
6460
62287
35203
48816
2651
44284
39722
40756
36745
64437
12873
29878
17614
39384
58079
42056
35313
54627
11703
24633
57896
27707
53368
63499
49009
7367
20836
8600
40779
52872
17779
3794
22772
25265
26309
7553
32701
4334
59827
6626
47235
26097
35910
48280
60846
52028
16236
4005
31711
48819
64066
58471
23276
62204
45843
45121
21432
33903
11847
37364
3597
50667
6507
21352
28091
29012
29505
27096
35269
53674
2628
1166
62140
17342
22701
1109
29329
33081
40037
36094
55549
49345
45706
60161
33029
28601
61171
39602
52055
13410
963
49051
37051
39121
14169
63142
8367
44077
36239
42616
36291
34229
39163
24688
19651
31496
7441
52965
41888
18340
3336
65191
38745
34003
54862
53031
50891
4629
24892
44979
29145
62355
46988
39347
22280
23741
38506
12793
61706
16769
33902
23995
43992
11704
29131
46567
29272
40250
55112
43426
48717
34152
38541
60786
15437
61674
7035
9334
61894
25499
15704
50026
39106
54146
7086
19762
18004
26253
44914
53633
59974
18772
41469
23639
10592
63908
43598
23176
41079
7603
617
59251
35851
27444
22099
20766
64169
11539
16961
56847
56283
52873
56233
62573
50242
611
4944
26137
48903
1845
42233
24979
2348
540
32613
29657
45134
40906
16899
13462
50272
40123
21891
8557
5992
39085
38119
59759
44280
56841
17536
44922
64248
47087
24697
21611
52873
2506
29939
29402
17197
27681
2872
22149
16143
48049
4897
49177
33526
6368
6286
14170
2587
6322
15176
54627
58237
49840
16199
33126
62180
20070
26934
1219
39467
55164
13235
35386
17978
54896
13751
15431
37054
14943
13928
65239
26037
26181
34471
26433
46913
53707
38712
21020
5164
65058
27222
63001
43332
30737
358
1671
11665
14474
64763
19548
11807
9836
13276
33540
30298
59867
38800
34619
60853
6564
13082
22898
5170
38085
47214
40987
55836
15191
12451
6014
1267
18139
22349
43078
46861
57372
35167
12183
48840
44921
23969
14920
52530
52461
59839
35629
50556
62684
55278
21860
14818
17368
7686
20892
13593
54529
63265
57430
23758
49774
47002
3777
17125
63318
63979
14802
53907
57761
6025
8301
34290
41187
1620
29358
44341
12483
56734
32581
63167
45318
50446
19484
7152
1526
20568
61510
64990
21679
9812
64441
42026
31574
43371
36458
6599
29190
49628
52858
30801
10332
60174
58220
58733
11536
65333
58598
41426
15559
65191
2329
13453
52879
54046
4696
22
11913
39924
27112
59796
44676
47624
7113
29218
59566
43512
62014
47617
59314
14945
12771
29064
287
44742
46548
38270
49006
13935
6000
21516
64542
18408
53636
14019
33330
25679
24581
15826
51497
28257
59905
24979
44293
14125
54325
6094
16150
59048
59950
17647
65382
568
6366
56729
63298
23226
22760
16827
13573
50778
42184
50418
54875
32537
35860
52149
44939
38557
59355
17481
18111
54099
39179
41144
28487
26330
27487
38086
45258
17389
23306
42255
15126
46168
62963
54719
37477
55363
1673
13955
3312
49921
19048
6955
7419
26201
34993
21094
37567
32841
19192
8130
38684
26738
4234
47013
59322
13432
29400
50972
31142
37701
6157
50014
50797
54600
40980
7051
1699
32943
26619
58073
29563
48200
25751
25362
38558
58827
23255
9760
24507
22779
15643
49440
5326
56165
36583
34634
17048
21093
33425
739
43327
61122
20290
5235
20146
42287
6665
39472
64297
46934
9552
41662
28830
24100
8936
20889
54516
52876
12051
45796
28992
27964
43500
43393
47290
38479
28632
62240
1153
15036
45351
58414
31502
31958
5226
42065
49987
14860
50577
33631
37070
3238
49146
58400
63806
5747
38854
25232
41984
10793
12577
21940
960
8581
27627
27941
55601
13621
26945
57047
9452
20152
3113
60191
43478
4965
11471
9600
7113
23329
33018
9232
29837
33901
53429
50860
59129
53011
56757
41471
2213
51052
15506
773
8288
5965
9514
46884
13911
37989
39498
11338
36899
57367
49992
51788
4039
62126
20489
28818
17875
51248
38663
18884
39066
48906
1461
18530
16152
5475
659
51653
11157
39936
27532
45069
27752
54087
18671
21096
24116
28939
33127
25470
15023
23770
7128
60458
9587
38096
8829
32858
12871
25875
63857
43365
46810
16805
30740
13113
37373
9149
25362
41652
63682
59067
43036
40065
19974
47774
41462
56139
22103
633
41053
32266
29035
57163
36264
47118
17603
43458
62908
60666
58373
47020
40038
63828
14264
23038
10744
36780
18350
25746
34502
10022
9882
2441
4088
53101
27886
4804
34159
61879
19481
47948
51445
29269
38141
17548
60909
11869
52007
47692
1388
31310
21737
18398
58487
20869
23480
19162
63373
47028
5297
28681
63916
30375
8239
34649
48422
30673
5610
27102
47349
50868
61561
59591
6086
5230
42476
13529
35847
34513
22786
49369
49613
47880
10202
32975
49326
29215
53194
46255
45224
63813
63191
864
18214
57658
21706
30145
10104
36806
27723
19692
24498
20625
47477
15509
30191
54344
43283
14855
63113
62759
62786
27617
21134
53857
2942
31938
5655
16762
21119
17658
5136
19249
7328
21802
33850
23597
53143
2440
37152
11239
28389
58877
61789
63133
22356
28752
53840
18705
23839
34671
21983
44914
59437
9023
30122
49572
50523
17329
14230
2170
26522
55023
19603
12622
23255
62373
5116
15403
12214
63208
17082
157
56557
55139
48546
5693
56224
30079
63192
49969
45943
12807
55769
17548
33360
62539
30475
10986
37128
53562
33791
24775
716
932
15444
942
49155
26924
41405
53588
47483
13970
20287
55846
33244
34249
55517
47925
36118
52095
26698
54162
63238
23425
48524
63407
33263
40193
45135
52183
18096
15608
30116
58536
21206
13143
28109
52502
44359
6822
21068
51000
693
11939
19048
61822
57065
11552
8399
34483
29067
48606
10490
4948
50374
52513
37548
7531
22973
64797
57536
1403
26438
37487
25525
4405
30365
22214
4726
47151
31359
37
20636
11382
36167
52354
46285
51792
53143
26255
2014
8993
11818
37289
45625
45544
36242
29661
25496
59606
52947
609
34223
22942
53363
13954
9487
38568
44560
15336
33776
32786
58034
49424
63390
31886
44520
60142
60387
3584
63172
15239
33792
8854
50157
28885
30137
41383
54057
46281
1274
34517
32539
37655
12190
52288
44825
9965
23394
62463
41139
46338
28647
35268
23957
24925
65404
26170
30783
31726
34787
27102
30042
26577
32728
46665
20446
13983
15712
10287
64574
868
5539
63214
48653
41342
64532
36009
64330
23969
36735
52150
29110
16809
7097
55466
62694
4268
45519
51605
22911
59925
15776
60302
41373
1103
1549
27623
49732
13205
42655
47395
34039
24530
34452
31082
35311
61780
44970
47962
24105
65374
55567
27594
54931
48799
47851
52506
36651
59077
23578
17188
29958
13090
35382
30907
56651
49923
25698
19116
19601
61995
1276
23148
55249
65483
17625
41383
63782
39326
32895
6253
52219
12972
21409
7869
28241
33330
62460
12622
58963
43864
34048
47312
47226
33779
45107
2599
53970
15890
46018
26077
22877
37304
46544
42610
63896
58580
10277
49947
37555
60784
18985
21964
44222
55288
53054
9351
10369
21233
45039
29912
41088
41533
38188
35058
51833
35553
58313
47600
59020
54262
21930
24102
3027
16389
30753
32983
10494
27600
21877
52041
13501
12524
8361
62021
7055
3455
52037
10911
13622
34400
20352
11050
51097
40549
30062
32426
37247
58085
16569
17206
22361
3744
4607
46771
42624
62410
61235
35705
58306
17709
23204
59840
57013
40587
45504
63131
29770
11738
57915
40352
47943
54028
34053
20410
39789
1383
12
17865
45073
37586
61498
1090
64478
62530
39270
1197
56418
38393
30305
946
48974
24716
53967
57292
51740
32754
21400
51081
49592
28913
34469
10382
55343
31399
35633
37313
35235
54120
24641
8973
23908
17907
37957
14464
59682
59345
35669
64486
24613
42027
2542
19942
6505
2900
24371
13405
36977
35283
16389
57464
1075
30514
11822
19750
1930
64694
28467
44815
55082
40838
65325
48679
60776
4159
43286
10515
19148
7345
34931
51435
9356
61623
23803
25191
32778
50014
1653
15985
32631
50436
58059
32396
4392
26106
60402
12315
27321
61974
51003
40908
42344
20789
5529
16009
33202
63075
39166
26047
47241
6827
28545
14801
30928
56906
42534
1974
21936
36188
15682
51879
31862
1170
5504
62294
20315
48679
11728
32600
20669
65525
11980
44357
7871
7834
46598
20174
14076
16492
63942
30497
41515
45523
57503
25292
2798
49514
46945
17659
32859
5175
63609
57344
38628
64237
24874
24461
45569
42425
61393
36087
21016
9027
20319
58901
38754
34517
48118
59517
94
49681
24318
2453
47720
31298
42034
8302
50789
24886
65214
20202
37110
42283
53713
42208
14478
12616
8739
5737
17009
23414
4099
26486
14031
63618
25115
12943
4170
50934
64213
33546
6433
48018
28930
9289
1715
27359
64409
10480
61349
7956
47307
54519
48374
7641
34840
5328
9225
39833
10215
28298
12729
13267
30279
50506
24832
25312
32605
23448
54419
13829
46918
60125
55977
13644
21864
23644
52632
44238
20732
58066
46179
41307
42553
48722
54046
56438
42395
31551
28039
49160
33303
47187
59297
58654
52047
25
4543
37287
2136
17705
39562
860
39365
29083
28157
41275
2844
36170
20278
12358
4946
60341
46616
20461
18141
34732
48114
32749
30539
33586
39361
12046
52402
28499
10118
42558
63246
22662
63999
12499
39373
4898
50010
10286
7329
43829
45603
56925
54594
15799
29716
1498
50133
7094
39948
5397
41853
19605
42838
28940
20079
6621
51495
58407
11807
29109
56614
37982
51684
19400
17326
44062
10819
62371
6463
52322
34413
11151
52235
56949
17088
17677
63035
25966
63944
51815
25703
32275
31760
9390
34898
56369
42390
11743
14749
54209
55514
47876
45653
24967
42039
45157
3172
39953
22184
45838
57961
19112
57732
5882
30603
26173
48997
20446
11247
14728
7148
31856
19356
37707
1800
44993
14585
39992
58990
61759
2981
43499
27395
27770
26712
33902
63311
18526
2410
49362
5699
33483
22324
7878
37226
26305
35557
6957
60943
1092
8729
50940
35561
47214
14141
2500
38337
50662
30299
49899
13055
41347
63525
11537
24434
26066
60029
2816
5210
32426
39967
43721
64216
51563
20578
2408
45453
46125
46580
39626
30959
36159
8127
33774
50747
3862
36725
29567
19884
44798
51491
17991
11507
50096
29809
54700
31504
20021
55897
40944
43160
58873
17271
27100
18163
26517
18102
40501
17727
56369
19025
20715
41614
8888
15517
24134
41628
19073
3864
41771
54269
53903
39760
58065
35887
19917
24632
13994
17241
24215
3433
34978
30266
30432
30266
3418
47089
10417
62469
17575
61441
49015
24114
50785
64414
62108
18024
21467
25330
29658
4224
53554
1967
35370
54138
29170
26585
26812
8668
23209
57577
64217
42584
59971
32346
56040
53066
5482
49856
41012
51662
5047
14328
59193
59886
5559
32207
51853
5144
50777
6461
24884
38165
57613
52171
39918
37475
60469
21821
55372
38590
7149
18643
60762
59204
11854
14833
23562
17734
51520
54206
42396
59098
3265
23445
59464
26467
59596
11820
32778
42477
21495
16193
11952
14963
58903
47571
11181
50343
20958
49634
49886
5754
22398
43934
19672
21249
18953
23444
6725
54995
40378
40569
58491
37851
23684
15408
17245
26588
463
33175
1600
60115
65225
65358
753
64679
31179
28426
62352
59472
53759
57917
10407
861
32075
36452
27215
6411
24227
19432
7217
45746
4813
19054
4250
39117
43399
11495
6426
14272
54651
23363
21146
37274
23254
59682
47210
4697
12206
39229
42312
48309
49668
8869
56010
8509
38382
61710
17635
15993
35968
43150
54232
27504
27400
7626
14326
11491
63394
37642
55974
41482
34034
46380
17001
65063
65239
64553
23580
30503
38074
25369
207
15493
3143
60933
15456
27175
54346
54269
5962
43750
45829
27831
1480
26370
36913
33347
8891
40340
39358
42457
803
14920
43684
44742
51910
3816
23020
25430
43321
44294
62797
62193
4660
17793
63110
20366
60374
43923
60616
54257
7342
39235
41353
2453
27297
43479
46346
8678
19569
36760
4085
44453
49183
21753
51061
24560
15315
40407
41222
4145
35585
54246
11376
65149
31148
48704
59232
39666
28329
39625
22939
14710
49049
4901
26489
12137
58166
3268
63263
20195
24931
44579
63369
40679
42904
18781
12878
17395
26894
4791
60210
50801
15182
538
40760
5771
11413
43684
61194
6047
13513
40957
2946
40913
27504
42058
26287
25237
37560
36261
41831
57817
15420
35737
19571
20643
35866
15002
1999
13418
27076
45916
41744
35527
18554
37128
32089
22449
9337
40812
44399
58149
6648
17049
3800
61700
6613
13884
50279
7051
11287
55897
51369
23459
58436
46612
40952
43559
25971
10295
61039
17274
12178
61377
12748
59714
40683
61000
61675
30368
29333
18837
33823
47638
51390
24032
43296
42567
59412
63898
3966
8567
62303
14796
46064
62737
60455
22387
36996
45693
16697
13491
53174
14022
42712
9296
39599
60420
52535
54190
31270
31941
20843
63225
50307
8658
44658
27294
56511
57062
44852
30953
22686
10209
63783
14984
60674
42647
12799
58355
23091
40374
53188
9123
14253
49664
42914
64788
8058
11866
28522
18208
24
19231
19558
59372
38207
51115
58610
25646
26956
41497
39286
39917
56980
45123
11703
1064
52978
16718
38559
8180
48394
6963
110
47086
14378
36989
4087
30833
56585
51677
41697
50173
53219
50012
57041
27684
22729
62242
18228
24671
50409
47223
54687
20220
37810
16455
17600
1520
9403
2058
18873
63792
57243
17796
11097
17985
54507
59772
55797
23566
59558
55590
58988
50425
46570
29588
24352
55675
973
65294
31031
35291
53849
48099
4385
4963
63342
48310
14832
63115
10494
18623
36624
60940
10254
11592
32142
61925
10234
40959
6917
45029
1413
61455
59511
61503
43452
55183
46257
38616
37907
21955
4630
39855
34136
8050
62018
22161
6765
38240
3578
37593
63538
10814
16622
10074
36418
33036
17372
36827
36073
33679
1861
14621
22886
19809
58543
48466
22989
34242
30958
63559
23699
4337
44937
11062
19014
20204
65004
54125
50222
31188
57695
21926
27637
45229
7120
34654
15203
6884
21967
60819
52264
62420
39500
62425
30626
49781
51127
62205
34422
19025
56981
1554
37852
58827
50070
41377
5376
12761
46376
56595
35728
43904
35432
35007
12881
33468
51269
60438
31692
25549
44224
23582
41060
1386
1110
8906
1567
53903
12805
13619
58450
46073
28759
37132
33016
25307
4461
3106
12050
7455
28419
15963
15725
11322
17027
49277
24217
14528
24151
33205
38609
61204
9924
59433
36226
55965
42389
33729
21229
9698
36344
8177
50174
50933
43601
7872
33847
34690
23321
57747
9096
64450
26302
51463
23388
64494
14212
18857
56525
28624
13926
57878
33947
13538
4569
9557
9229
32846
58442
2459
65234
19510
113
4959
51181
34922
19871
43231
51292
485
64314
62670
57154
52941
9188
29602
433
50387
63185
15886
47044
43704
39692
52509
7234
11883
47887
44572
10545
60245
38005
26623
23149
5155
50353
25035
39173
51131
13994
47089
63766
11123
57407
24833
18342
4679
25309
3324
31258
64124
50956
8256
40334
65494
58891
2151
4855
44470
7347
44265
5611
53150
15491
27745
60079
19523
30537
9441
4833
18558
64080
2498
61763
6003
31808
17109
1882
22577
6548
40283
12752
59793
22372
8383
13937
14965
65161
28910
8271
26560
55864
44216
52692
42498
15833
18000
42151
27948
5975
22734
43975
8286
15826
35899
18512
54415
22026
48487
21627
57496
31934
5334
17481
13102
49300
20677
2048
63827
10580
832
946
23516
11683
37189
54555
62391
16632
27021
18754
35513
59037
54005
31359
22878
4931
23593
65521
11537
39478
45593
54891
599
30885
25153
15401
12541
47435
28740
60845
27277
36231
6955
25391
14769
19558
62182
65210
23111
20940
5651
7081
47735
37363
27471
56973
32949
43816
59394
5677
13686
6875
23053
20715
3809
63577
15212
9287
30841
58303
42725
54927
26050
42688
30154
14435
42746
29855
12853
31079
54079
26208
49221
28922
9637
61733
63492
7122
57129
18997
28333
59636
23338
50768
48953
17878
59996
25448
47001
35349
26504
44025
16673
4206
7818
36779
17891
14563
61018
60106
54817
22439
45033
28816
38687
20550
22273
30107
11334
53961
64122
28369
62061
60655
36591
1901
56113
32329
32483
42899
56917
29151
19525
665
54758
5796
5250
61689
4406
55797
51684
62818
12844
59302
64918
31524
10890
1628
53296
28574
17394
46976
38769
31334
11892
2087
62886
39955
21207
60199
3199
59616
60786
18169
53131
24241
48551
60856
178
9266
50446
43634
4287
38874
55823
35361
27151
10611
44000
7184
47708
6758
14544
50194
47918
60994
5357
47916
48029
22972
8782
26832
18141
43899
31278
14884
62717
27498
29548
42003
46230
35043
55434
36325
7138
8305
48865
45249
59298
63730
16083
61625
38307
59241
48253
8601
24687
60014
11443
10508
51207
23437
37797
10085
14334
21596
36168
14683
19392
65054
19726
26772
2974
38426
54596
17305
62115
45442
55067
58177
2815
38209
24780
8250
2888
30451
44024
53961
44930
42769
63720
58360
60031
39856
17295
40172
22509
34079
29724
63470
48745
37767
6202
19443
46284
37274
59759
21805
21075
37387
23891
22984
20117
21135
31182
15324
5393
41500
16577
57788
34132
48453
24182
26890
4546
41542
45068
19391
48878
58776
21311
39526
15923
3266
53026
65459
19055
60036
41971
20454
562
43421
38739
62116
37988
19278
57947
44392
14721
62781
5253
18274
15319
40380
3250
52642
28883
58454
46844
12121
42777
7213
25578
29116
36428
25652
2955
10956
58387
11452
51697
25486
64286
41649
7346
47325
52108
19391
56051
48448
50608
48867
1597
37309
45209
46052
40381
58402
11481
28271
58224
54474
57999
37831
21468
55552
54289
18293
11282
18827
27234
39745
62208
43963
8665
49253
11593
867
53668
35825
54331
22923
60570
17947
26117
24380
50039
37940
64302
5535
39582
39834
64762
60745
29428
3517
320
20188
34429
39343
61936
16276
37707
54677
23510
64472
32079
3728
15644
36335
64625
8745
47416
62978
57156
33804
62395
15674
48916
2299
34018
21344
7669
19154
41901
60429
17759
46843
21405
6932
35739
47338
54986
46659
6385
37992
38228
10069
25403
24018
12387
21906
42284
41446
39462
35580
47516
12561
46088
18837
1690
17950
36885
48891
63556
54000
44605
21368
13424
28557
20257
28981
24696
14937
54702
60357
10013
15278
17200
2277
62851
45640
40838
47522
18220
57925
44832
22571
39935
3769
15544
29144
16870
18659
29697
40295
16429
27504
17067
10302
55680
14643
10188
2464
63472
56524
5572
25736
14131
4298
7768
61483
15587
33162
5672
8683
39537
1346
12648
16225
26922
26217
24219
46076
3835
11898
19078
36356
45591
46163
21044
31696
8957
12989
1832
28442
25106
36943
22514
567
12934
28051
62221
48033
24264
57627
14067
23704
46507
49756
55586
28085
29825
53422
14790
41193
16202
61066
14459
17814
64987
47349
37784
5322
10780
43006
64711
15167
50434
37173
59892
40895
58190
29605
53383
38088
56093
24744
9123
62347
48161
23500
1675
64441
13785
51952
57417
11141
15626
18791
51748
52510
13332
22114
8481
47672
26094
44385
26248
52990
16090
30522
55666
65419
36505
35779
52459
46674
62367
53011
63508
36554
19316
59589
14160
16015
32858
64138
65178
30254
17643
3895
13055
6927
8942
65291
3506
23474
50152
42854
20019
39682
12626
10029
64512
61082
26467
38477
65260
64258
34296
45038
2316
4141
56414
15615
50283
58997
41229
49327
58006
60248
4716
4306
23182
39720
21514
64419
56450
17627
40954
50997
63891
14336
64297
61580
62378
20487
7305
51299
34523
64840
49518
46237
37281
42006
8050
3689
5913
16803
48026
45727
3525
44729
49882
12759
56118
45238
46840
53992
46041
7398
32011
32455
30752
40907
11133
8585
39965
15003
44249
22253
2583
42744
4899
60412
55374
55203
34946
2674
61564
2914
41486
49510
51157
42260
12809
64010
13114
26988
44035
65107
44504
21840
39258
47622
57146
26444
65136
9872
28059
37664
34754
6230
38970
52694
29607
12053
12416
44150
35830
8817
62294
55981
27490
45523
10048
39563
39309
56742
41071
26224
54304
52730
32933
59405
23671
2438
24450
65431
27912
61249
35118
56849
7848
26299
47746
60619
19365
31506
19722
39357
57067
53773
41766
8444
26680
54059
34987
37623
21048
33612
30950
53197
31258
14884
19655
25154
3631
32189
40703
60838
63620
57164
55314
4850
26475
20887
35744
17882
3819
33868
36408
23066
5535
63680
2609
7251
11000
41144
39056
8333
53347
47636
11836
52021
18423
30938
14671
15812
33004
65070
11829
31205
16027
41079
43160
51111
30924
55426
28574
18910
14000
22957
28063
35985
57602
53526
33332
7330
64272
49113
14806
41482
55545
62240
32289
36403
18993
47578
62288
48200
40392
2762
4562
7166
31414
33158
50422
40536
47560
15997
30983
57986
50917
1031
51508
33493
39438
11829
30862
38983
27575
21001
57520
41573
53253
4440
35918
10498
64447
61746
54127
43610
55360
13159
21016
34205
8698
46118
55164
42830
59409
3584
6828
24083
58117
17837
403
52515
26224
40048
41120
10778
14526
20686
32716
17051
53780
41864
59177
62700
17499
34167
22738
42936
36935
26039
11062
54328
48182
23840
51576
49456
29423
2717
3010
29977
11662
60610
25987
34312
22119
6525
52564
56217
34099
19562
11673
48224
22298
15381
1850
57037
59468
64769
15533
29423
26626
24975
34891
37743
64771
50079
17065
56532
27080
28254
37089
24820
54831
23641
53546
19129
3771
38036
34314
30865
59110
32547
48449
60052
11237
1352
61457
17459
42368
52108
27815
50265
55481
33584
9575
12488
7700
6830
43628
30781
61726
46439
5965
702
33247
49930
39650
51733
48614
17332
5390
23510
34116
22264
64597
44456
61352
17290
11750
41591
56744
18585
34131
15314
41060
5788
16760
65432
36831
47263
56372
37083
34500
34571
41026
57117
21624
41358
64392
19826
57670
6975
24762
19480
7152
30128
24004
4700
61636
34108
21437
61228
57203
15207
64868
5346
57870
46729
63596
59999
64616
14744
19405
16207
45823
12265
26703
37239
23678
22058
35755
27839
540
23667
54580
10070
32264
65288
12360
43077
3402
37261
15989
51664
48963
13902
42406
20155
3784
10625
60323
62895
59513
35300
760
43178
5747
59388
42587
16950
27704
6380
37087
42358
7279
9269
49989
12130
52279
33444
23332
31467
52286
11690
2688
27292
21356
50921
52742
37347
20202
15807
39131
64336
56670
40645
17208
47060
12597
48163
26197
64175
58385
50867
62447
35190
55452
11825
55382
48265
24426
56899
55838
12182
5300
44793
60755
29390
20325
64922
11006
38103
61370
57325
10378
62601
39373
19478
16749
39375
32591
56063
38729
6255
10031
5910
14107
55694
54135
12384
60903
33211
46590
33405
10717
2132
14933
60670
23534
23882
51505
5932
10917
54558
39013
41149
59637
58975
34743
44739
24535
27665
24259
10252
33989
13936
56858
2348
766
51764
15293
1743
22509
62537
60314
53096
63795
39688
47281
51773
39669
11486
16395
17709
1818
25008
14668
2082
24670
3514
27424
63060
19025
31690
57119
25023
11284
39441
60742
19420
62126
55296
2859
15264
21771
19978
58361
63576
61799
2572
58918
31801
26389
38644
51345
6674
43758
1032
13456
56595
54484
64972
38112
4851
63897
52386
63714
63950
30396
7956
2492
55312
41399
8324
35107
54675
62041
15327
64852
45451
58762
57177
2727
21146
37750
25192
61504
45068
57424
30422
28796
44453
61402
17191
38455
51166
54638
47219
61908
21237
27159
37022
11297
63293
16920
22713
26146
20488
64511
13225
54523
64713
39800
30765
27450
6166
2376
47026
34184
46798
20788
22900
4190
8344
44267
56442
14938
29712
15818
29372
63748
33793
44606
46562
6117
35060
19815
13650
6608
57386
59917
14539
13879
13352
5501
13816
21895
15474
26920
47400
20582
38289
57870
65325
13014
20223
47675
43857
18058
16119
26462
57554
54493
863
32154
62084
44737
37585
22447
11171
34867
48815
54396
47270
32171
19871
55275
29908
18087
56206
54186
53648
60129
47418
3901
58009
19082
1303
9120
11112
44342
41262
52645
21538
56894
8056
51546
4861
19785
7577
38761
54959
52691
39888
41116
45109
1035
36671
19249
52944
58482
26887
57952
45252
53019
25859
39522
11046
4845
43842
51117
16515
37214
28014
12166
40927
44657
20975
3069
3655
33907
31632
39838
55410
14475
7857
48887
34046
46461
16228
6256
16351
58816
39054
683
59394
44430
30945
30649
45919
39216
37294
18346
49501
32457
13792
42971
25238
47352
59547
12843
19209
55796
54008
10740
12091
8151
55690
17047
62423
28152
58479
10233
48404
52789
51744
34562
65382
55498
57682
64165
54646
21344
18919
16662
63539
59993
16958
15474
27871
59694
62043
4273
20557
48409
15566
53558
14461
15842
48442
37957
5279
20093
15432
48688
39967
49081
39748
38532
63691
3667
18726
18630
55280
6376
39998
37156
28256
23996
64067
273
16033
45698
8855
5856
54732
63068
40593
59293
44279
49454
62289
17407
18156
60415
58973
58861
19527
42626
11706
53690
50755
30516
51825
44433
6005
58077
36356
11603
21707
3251
40481
16224
11161
25221
6930
24824
62368
2446
15765
23559
2486
36039
26975
32150
58226
11094
41999
52664
5896
64418
3049
44558
57280
23659
54386
3153
41599
50070
33708
11930
15026
13019
22040
37401
18878
23942
33496
11747
20214
40212
53382
22176
7721
42636
23784
3561
7667
39062
51110
12942
41948
18672
54109
42495
33807
49219
15855
6799
26549
31407
30997
64615
50469
15083
35296
7947
41724
60925
53356
8579
63461
3788
53411
30636
2440
35279
13305
32285
16458
39926
53313
58455
10998
26667
18660
48929
22044
32133
55542
59210
5477
131
60902
37912
21939
71
7887
63201
35822
32884
49827
46061
27886
36872
5961
21157
9166
39405
11759
51813
16118
18304
36629
56618
27636
41720
44909
34257
59338
35784
32234
42157
44778
27606
60266
43051
2080
17527
268
62459
560
1255
22745
54154
64091
51483
10636
10161
4056
58350
16176
46267
49332
46919
50692
23224
1105
16353
60646
48559
25295
58271
1227
29035
2592
36848
46900
25101
11792
39738
28986
30704
64724
47579
4822
36799
64597
27405
935
25701
51915
14541
36352
64751
22344
25397
23006
8566
16809
8526
16702
34029
29879
35956
25146
3030
33150
59497
256
55982
6797
42336
56694
53330
35918
15953
61156
64955
47378
5697
29431
6155
36429
55058
58833
41450
676
51361
25507
43870
10722
3325
29573
55550
9757
32765
25805
21558
43152
40737
8237
12678
3653
62910
56616
3148
43817
32821
32394
14134
62072
31242
44669
7134
43724
31030
9556
57478
12539
58517
16361
11211
7954
4370
49465
41062
8523
16716
8126
57923
7181
39514
56602
8623
13346
7312
6842
38655
49998
52649
12560
53884
30554
1390
59429
50321
60844
56112
13274
44514
3404
59516
43017
25228
14156
13459
1610
8853
25377
16512
33591
46581
55182
63097
58277
24369
31870
18045
5776
7928
16735
40850
57127
46890
40788
19087
19321
61541
40458
44944
38150
48343
1059
18953
7512
31114
7157
55320
45064
25612
26263
26379
8965
44767
24819
62354
61263
43403
43995
39273
54879
43072
21270
13742
59546
5530
65002
28757
484
29232
30182
61149
27936
31328
63012
43452
49271
26911
52469
24149
881
47555
1296
9664
46908
3934
15098
18664
38086
57725
25480
47174
5754
3890
26099
25929
37237
22825
28697
34340
22843
44540
32239
23401
25688
2817
23078
34313
13263
2751
17988
49666
14544
44352
27556
39986
59795
31476
48449
48804
22460
56848
8569
15531
18931
17143
24856
25124
49570
49054
41674
56300
32053
6054
24785
38559
19472
42949
32397
6980
36709
16575
64092
27425
10670
61691
8503
21945
50871
49055
65350
60852
23461
42182
49005
63346
64853
62096
35171
52552
4797
27158
28773
26607
59255
30721
51891
28651
40107
55708
49425
20605
49034
33361
11109
17606
11013
38672
58262
46081
30169
5392
60981
44089
55850
59133
61282
56689
53602
48170
65213
41552
35785
50118
3239
23536
57892
30643
34815
9946
47067
10802
38603
10244
36231
29850
12898
15543
9351
47216
5017
26254
43746
25774
43154
32771
39677
35974
24987
18070
34227
1118
39252
36942
45433
52928
53183
1558
61866
19566
52101
29829
29743
27508
62185
30634
61438
60476
44650
11255
41035
24621
56202
54747
27470
57498
58978
3945
49112
18212
16822
40051
1268
65509
46486
44541
29555
54938
55799
52870
39274
42739
3046
4221
18236
20144
43286
51234
49980
26765
51201
8350
50650
24685
62230
14239
43101
59183
39930
12221
22468
13672
23283
4202
64043
3517
24470
26083
9108
50579
37200
26986
30544
38155
9172
59593
7530
48319
1447
22521
42830
53852
51262
20582
14515
16926
54842
62685
9012
50986
27063
17030
26958
40600
56649
62230
20811
40673
26604
60156
36102
26437
975
18702
58422
8384
52328
32353
43108
64350
60319
60646
5122
11941
37737
59809
45453
38987
51260
22954
54401
32654
23537
56633
60008
50418
24044
12521
51583
5723
31417
20700
35884
38258
8748
28476
64682
53907
15889
48330
10031
13791
42731
53752
59105
21605
33130
27180
5850
60577
3501
9593
60542
49958
45043
52342
25480
51992
4951
1407
32847
15031
17888
42875
60849
63538
60470
8943
10819
31757
57373
18383
61707
36587
21150
22359
2367
13174
23230
38554
16272
51229
22079
10169
1469
35815
20119
57757
46935
23322
28399
4514
28333
57941
6259
13473
51199
40412
58194
6870
611
6378
49465
26442
32728
49105
31265
26212
11978
2102
55270
3662
1908
44186
25185
8280
28910
12661
22004
21895
5768
54484
14114
42879
42294
24844
27147
51781
56083
15834
30462
28020
13878
46737
42384
22756
1965
52709
41450
1570
51011
27887
60132
28848
8652
36497
48362
5759
8825
28647
53883
39522
65480
13344
22473
33022
12418
42513
50930
17423
43522
22980
41676
63193
8849
43922
2313
58839
50118
30464
1742
30488
2780
16260
40481
30984
56164
31922
10405
7854
18029
49089
65369
38877
26478
19879
49250
26789
4968
31203
58160
43082
17598
36454
41620
5191
54380
37808
3105
30016
43420
44922
31752
26976
7087
32550
29156
50002
42157
24057
57981
792
8469
64440
9173
25226
6829
18550
26767
16457
12027
22764
26787
30973
10245
55868
61220
40824
21516
25891
32102
55576
23125
32632
39728
37401
58755
26398
35633
63068
10487
47131
52198
49508
21989
61697
57852
55403
56810
20431
63176
2596
49993
56019
10909
39351
20027
23029
33723
49866
60771
40088
59454
37122
49171
63025
9429
43677
17911
61506
25652
20280
24854
547
1682
49054
64415
53025
54502
51727
48908
50336
64166
40345
9336
53580
5089
16315
50439
21281
25457
57186
33457
45688
64044
48258
7563
50506
55579
32347
31765
62616
4522
47371
3703
19383
34253
59699
19315
33330
32429
21158
1617
15300
12098
50377
52122
10531
24749
55436
21734
55950
33144
39612
50172
40367
53950
11648
14322
45140
18705
35261
27462
52162
40383
841
22072
64451
206
12697
9154
54767
54636
37793
56485
22365
23121
49106
24431
17607
25954
63762
23853
14449
59069
27862
24331
26337
7730
23950
25150
33993
53581
57767
14312
21774
10460
38420
11233
49509
16342
36275
8423
44846
3888
30773
62638
63595
13213
1246
8002
34875
947
5486
12693
27665
951
49239
34843
63691
62027
44175
56289
44112
48599
44967
41317
31404
47344
52228
49602
7502
46665
43287
13130
404
59889
52665
18201
3365
16108
36630
32576
48290
59233
62285
54149
24633
410
42229
2179
47212
5997
42667
58236
30612
63509
52450
10665
45656
56087
62406
13166
50444
38517
25569
18764
4160
16759
65264
11415
39498
61184
22027
58495
15162
63198
31575
31897
27740
22338
11722
13824
57002
3830
21002
42795
50264
36747
28885
33767
62429
16134
17793
64482
11854
43620
29334
8476
44987
49415
50023
57273
30587
29301
33959
15163
38138
11492
14599
11683
44595
24662
15218
48200
16700
41074
49832
220
40737
8111
24885
50875
55535
41896
47844
16555
29116
13970
51814
1204
60372
41409
18966
38905
28692
65514
59740
19323
37144
19119
4501
41961
40487
16182
35841
62689
28272
64883
38206
49375
7708
43665
20014
27605
29500
6889
23464
63898
51355
39203
20865
2826
51417
44225
55369
62052
45653
51296
51257
9414
37098
37010
25571
51612
12755
17157
42391
7094
39855
59969
21455
18030
57918
63234
38152
18982
27494
28591
25644
1197
47477
13362
19346
49355
55982
22049
7383
12589
46607
62111
23544
6877
15380
44366
56861
19473
52952
32112
4455
15571
31569
51989
64045
39674
22608
49200
11745
60774
50082
36073
58342
48145
1520
15728
15286
10831
15997
64122
29482
3018
62848
35877
12393
23736
50326
63463
56840
39107
16414
13033
42628
8322
24233
53127
2588
51615
64036
8379
16264
27192
15378
23680
23584
697
58619
41195
16127
5130
16884
27030
21130
11510
33654
4588
11090
16346
39135
47652
22492
55450
11
32550
39400
6051
38456
58316
18331
64283
41017
46152
27504
12977
5863
31077
4814
24651
18568
39283
28208
17590
28316
47063
36358
16841
55314
9746
33419
34167
50040
21406
52436
59777
10912
33315
55750
18775
26707
9248
35310
25248
48777
21501
55009
20118
41465
56836
49668
3396
32440
10161
35405
16334
14416
53317
8645
43169
11662
47555
43714
35815
19179
29591
35867
1292
12838
49434
29127
49628
13762
16187
23033
40180
64175
12522
45731
36961
35527
12984
6286
22380
41680
51060
23681
45242
52776
62503
16721
33955
1244
20380
16563
18700
49650
35044
6929
48516
32651
54820
60003
23999
57535
46399
61428
37594
36152
56068
29984
40001
11395
40063
53282
40991
11814
10416
10052
31462
12272
21641
7525
11086
37467
64598
1401
55572
17881
62869
65248
16343
53145
1821
24927
955
55702
45227
32011
5551
58805
22089
29500
22913
9846
48110
17474
46306
6672
55407
64947
49688
22345
48927
14841
44296
32737
15448
38019
39213
63324
38475
34701
27926
292
51592
28503
39953
4643
60693
63998
7536
46628
772
60339
43063
39105
46385
14046
675
45838
24400
52699
46469
1161
13282
56466
64493
25892
11107
20147
53833
16232
63886
905
20398
32785
29634
61695
51820
49061
39227
47775
56143
23878
35321
14246
57484
57587
21211
18333
46365
56880
761
47085
26013
14505
24846
37342
5276
17521
51713
55188
43412
4142
21012
26082
62822
34838
15570
55193
64103
64955
16703
42583
52412
50967
17225
14382
14139
2772
16531
20387
45104
1788
30999
6820
44845
56317
1052
56928
62939
37940
36991
63691
10828
56223
32472
19987
24492
32698
36849
15075
34541
32421
56250
26006
62114
13508
23748
24729
19493
30065
15789
17340
52596
5028
35895
25189
19163
55876
2314
26167
11919
6678
49853
53385
40166
30333
29068
44063
55846
62809
8041
55977
6770
39883
14425
35290
47654
36773
46009
54797
32370
41922
6233
23822
5359
70
6832
42157
27784
37397
61873
36721
13207
56479
24227
33064
64393
47655
43815
39892
14618
12699
1790
17079
43412
47260
47367
48705
31228
36168
27529
50338
11433
13941
17102
15775
5379
24960
25287
58427
12928
9814
44944
39515
62154
26476
20142
5742
16755
25127
54815
33099
45526
47973
58783
15391
57163
8874
63284
54919
2867
21880
35933
16899
37965
5956
7968
24928
52100
64884
9828
21694
57376
50351
51150
52540
35585
27122
24125
471
20971
28548
1161
59695
33925
39768
28879
38844
35194
15611
22427
29350
5978
31223
38252
5123
19416
36406
17428
35446
6752
32637
27521
15228
183
45542
48380
42540
10911
34608
17512
53522
38652
42550
7505
1364
46593
28741
36659
23165
33552
2049
13951
50067
33730
27021
57958
28919
42501
35231
26728
51834
20400
58465
30372
56872
48318
19442
62784
12280
65006
23791
60213
24251
23083
24754
64293
23646
36968
2758
40653
21354
23295
51668
24621
9103
18811
9443
55888
32145
59640
52757
13137
17995
1545
13071
49528
50330
2715
14422
1776
5733
17324
32550
10957
35082
18695
1769
1231
13938
44353
11136
26518
18249
62970
58238
21383
40289
43483
62771
20252
31956
7323
35056
16131
2779
5836
13476
38894
13443
54432
18590
158
29401
3145
29710
55985
50512
19316
46309
37597
29607
50429
14733
64463
22224
14435
29428
13334
36937
46833
9999
43741
15512
47250
11115
5681
19805
23339
56181
43888
23771
55737
19689
39526
37618
45663
13621
35532
65437
48380
34786
10009
285
19482
19213
41976
19369
51196
58549
62709
8822
14832
56027
36500
18961
11855
42343
16716
23838
50465
46217
41853
64776
55552
63083
54256
43707
18116
32231
50224
54874
65156
64566
30161
50413
10959
55291
28748
11436
30827
47409
375
26644
2248
47500
62118
17510
14438
7808
45789
47298
18264
38626
60344
18892
55191
31784
27621
29437
7322
18061
15366
18753
49474
3453
55667
48717
7088
13894
9669
62498
20732
3956
19252
47873
18517
10353
32118
10101
1635
54590
19623
23910
61573
18364
39257
61628
53939
44215
58192
1731
37587
14583
20432
7864
4209
22751
21017
1424
51955
55524
59545
33823
40112
29794
55531
20552
35628
12050
49487
16401
27769
52481
7339
28692
51418
24077
10119
61398
62575
41050
53097
49868
21603
7165
48690
55603
25523
35378
14208
13683
10198
47540
43970
3676
31395
36989
21333
13954
8561
27775
1438
40516
24607
26440
4242
31501
35280
11146
5881
63413
5987
6297
41232
12217
40449
1111
46746
37015
52184
25543
41218
51202
46640
16976
12763
43426
53383
13238
19685
3104
50084
62515
4903
38026
21131
19862
60700
10322
12227
30352
28265
18463
21108
44749
58652
17196
44436
38121
47227
56479
5244
50807
31340
27370
9830
19975
65211
12767
1958
18693
40572
11425
65393
12335
59612
41119
22245
38745
21164
8934
36715
47622
46316
11695
9323
23486
60390
33809
62031
33557
57939
18408
16248
63997
5189
47641
37568
52551
53612
16906
57780
48068
41110
48979
10943
54158
58994
34449
5593
7478
32088
1041
20258
13801
38097
49259
20736
52334
9565
29235
50885
60591
12255
45735
61063
61405
60929
14302
11248
23628
14201
52028
56769
26145
52628
43086
8450
41587
44882
63739
27870
62419
14984
36487
59582
5017
20413
61599
19072
27979
41967
4105
49844
8178
47381
56375
62050
27973
7088
27720
3007
55433
35369
33039
23082
10956
18577
9077
35901
53093
10709
39103
59168
55013
28063
34006
24127
7044
12116
56168
44829
38915
21565
26031
45780
54932
63127
62324
21061
57250
46490
51005
1301
26025
10198
18955
42432
41486
1859
19727
60117
19331
65463
41472
14890
53265
34446
481
59055
16478
58894
12772
4782
28655
24596
55073
21771
49487
28329
45624
27494
25055
1883
48530
47683
2122
39576
40234
16350
65422
59768
54270
53790
46101
46165
55816
44017
14860
23044
60138
56149
48905
23186
21319
57131
50012
37359
57343
37125
13005
11484
13606
11749
2153
53907
13588
65064
13068
58209
4277
37998
55134
27770
29213
59589
49948
15007
25632
61548
16310
45955
60810
54124
51879
996
49105
29351
37172
35076
34668
40291
54357
31661
544
54336
4282
2035
3440
20103
49074
41611
43920
22336
56363
31697
51296
25252
51552
6760
56243
16891
51172
22769
52837
41697
20767
57331
30273
13051
16558
15515
51381
34108
20847
42258
26707
12223
12224
3360
57333
1512
20060
3646
10324
50122
3314
17111
59468
46939
24452
31420
29065
38918
25405
32145
49559
34141
6782
36040
10874
18844
3033
13555
14540
60178
16080
14034
18590
37022
34340
23675
12160
10142
64781
47369
27259
51222
13195
64361
2877
54230
9643
63768
10002
27563
55038
49185
41102
59097
21116
23567
39158
1329
23419
4122
15362
44932
45453
63427
657
20760
33357
15937
25276
3873
3019
19968
28351
47826
15045
28437
3866
42931
18161
28804
10937
16591
35073
35870
63120
26114
12054
45685
38577
61216
64985
57155
52421
25304
32780
22670
25936
36842
51488
13486
40840
21712
26978
63941
56815
58478
55540
35608
41779
14097
50206
56270
26177
46257
49015
8423
58904
21921
4424
33169
53714
38466
46170
52206
3924
15027
23580
42294
56280
24368
46890
32154
9521
28204
48714
48754
19010
41215
16030
1262
41758
1428
43105
28019
60997
42147
30493
8681
50540
37173
27810
28503
13489
36444
9807
55279
57043
41652
41958
25971
25837
6509
64740
65359
6133
35968
55212
15631
16265
59347
22431
42844
50181
30988
2787
37360
2337
609
60525
37272
17178
52797
4850
5127
44222
2132
9103
61589
12467
54405
39452
36002
41574
45327
52473
10455
41048
64725
6169
51554
39117
59582
64662
15913
49008
13466
3838
29362
6269
1362
18184
13780
42317
57105
29667
22307
11536
25055
48349
647
6880
34037
5646
14523
6291
39883
9835
34567
43165
49749
35377
22326
18056
60384
15715
16552
41855
19398
54171
58560
16039
31525
62642
64238
36771
42193
63269
29600
12032
34578
38828
10852
46269
31768
26986
10225
9849
64828
7899
27849
1720
28329
61361
50470
24630
63916
13701
44623
27349
41072
40871
59509
20184
13849
17047
28676
47663
50538
59301
26610
52455
24635
8996
36416
55455
21521
40258
13377
19305
60418
14047
14444
31531
2174
60404
24514
34964
3746
62421
59328
46131
34809
15509
11018
46455
56554
27795
19742
52026
56472
43743
6967
57847
35728
48467
12820
6440
50137
55389
25419
38535
24831
52781
23153
36166
64699
56828
14311
6536
32629
14559
28780
15097
6964
4677
34888
31295
8630
13242
36105
29683
53026
51368
51496
13278
28821
35162
64903
26962
22417
26683
45564
37747
37745
407
12352
24258
62489
40019
31276
22312
41302
9103
21842
24555
43536
59666
18590
1669
62206
56088
43785
2729
23267
34581
10089
22377
1275
46156
62105
131
64003
32441
61940
14337
5921
2279
38097
29922
21928
19212
12308
13106
39924
43997
59325
64312
45977
33730
63765
33231
47748
60129
1777
46219
39470
43743
63485
14779
35381
2716
19385
53781
28869
18564
46818
65251
4050
32029
56455
47109
27041
11701
25407
49516
14146
35903
58886
22931
34774
45723
43410
51252
54695
36208
40543
24978
5387
44993
16116
56814
59641
45481
37802
14442
1092
65395
19284
61121
19690
37982
21313
39799
63809
37782
8469
38630
2043
59488
5367
28485
37095
16178
6972
64011
40084
667
56403
46170
84
6540
32955
18051
45903
37128
20321
11272
35477
18696
25785
56629
10579
38116
28686
4212
62020
46482
32601
50625
55386
52312
12863
34243
39586
40728
22715
57123
42268
18242
26149
32770
17785
54566
26151
39460
39976
11219
38972
60444
24034
49278
57264
12588
18167
57920
41059
46865
61391
46424
56055
61151
55116
53773
60461
3627
3463
55170
11590
18426
39634
31804
48904
16682
38449
7017
51466
16506
52814
780
60661
60322
7123
11096
7168
35412
14031
43710
12766
38086
63106
43425
7977
15917
6949
26878
18894
64920
17878
29300
20286
39438
40749
845
63564
26306
15035
8800
4
20056
15864
12696
32401
26777
13579
62094
3231
58171
51211
7294
15966
39311
53026
63402
24123
30792
34114
57557
16147
56669
19168
2838
24223
18571
31546
22383
26260
62411
62975
38015
37938
13109
64613
48147
36068
51273
50570
14068
60812
54643
55683
19420
3666
37148
59910
15745
51043
1444
39683
4467
58258
5587
46494
18258
61329
60076
36294
1195
20750
46890
27627
45722
51199
8226
22871
19844
46119
44471
60225
18355
36482
39705
51633
8940
63405
49351
61833
23642
33977
16963
42477
45625
52923
8856
5888
3869
20863
30369
12653
13922
65461
62444
42422
30347
31013
13819
22806
50342
55057
8437
8116
32831
15004
4904
9552
57872
49063
3861
22815
42094
14111
58918
49496
17460
26179
25653
33095
64369
57345
37498
29556
26370
21245
56893
25204
11274
3177
12609
26678
4356
18423
686
47128
53480
9432
44657
24288
65034
24921
27194
62093
46151
46725
18071
8802
57524
56034
49298
9288
10242
16671
39089
13226
15456
65367
30221
6747
43374
2954
29362
37997
32949
51173
46911
8906
20691
37757
9801
31640
40925
52326
7424
14532
61732
34478
3929
4230
44308
55234
34194
